  -2.1202102889809904e-01   1.9610569550386106e-01  -2.1599642730160032e-01  -3.7661063868241473e-01   1.9307349760618417e-01  -9.0096844911116553e-03  -1.4433864296326998e-01  -1.2735179559110374e-01   2.7784097205716562e-01   1.7599188480380326e-01  -6.5156153419543894e-02   1.0636973822482722e-01  -6.9881363660529758e-02  -1.5763846466943118e-01  -4.6215466089252283e-01   1.2448608872459908e-02   3.2610819270377611e-01   3.9845161585125238e-01  -4.5805827932947407e-02   1.3884068190688026e-01
  -2.1195942712088095e-01  -2.6782869983076740e-01  -2.1255773130013336e-02  -6.9985058013659757e-02   3.0315208664461510e-02  -4.0746745593903683e-01  -1.5876949614604283e-01   2.1586250907271035e-01   3.0457581659203276e-01   3.2574539407344111e-01   1.5896476498476800e-01   1.3217304888025788e-01   1.2271708387821913e-01  -1.5160168735195603e-01   2.7659790565490816e-01   2.1392879637331524e-01  -2.9510568888108951e-01  -5.7256346985873688e-02  -4.5370494581961955e-02   3.8063569442071660e-01
  -1.7897690851646922e-01   8.4097348079958129e-03   6.1752303329683234e-02   1.1729709681188766e-01  -6.0146519462103566e-02   6.2662887933866174e-01  -1.7884109385350514e-02   1.5148646674067665e-01   3.2715305010835766e-01   3.9095182989413302e-01  -2.1248454307780976e-01   9.4706455139671006e-02   1.6414594302502999e-01   1.8540042223205938e-01   2.0735394344888347e-01  -2.2118530942567075e-01  -1.2239279062055607e-01   1.4746543780818760e-01  -1.1291870715631312e-01  -1.1862252397035598e-01
  -2.0997441322201948e-01  -2.0651059157290432e-03  -7.0088533540558537e-02  -1.8037892033779340e-01   8.1892409369326361e-02  -1.7269046791292991e-01   3.6826613331426056e-01   3.2569785115611072e-01  -3.3257677379062198e-02  -2.6104557292314501e-01  -5.9827671153615702e-01   1.2228178274889573e-01   2.9082613099663507e-01  -1.4573355043252248e-01  -1.4302579998622070e-01  -3.4491420072497010e-02  -2.2322891185600463e-01  -6.0250659237583694e-02   1.1436508867966430e-03  -1.3101397328648384e-01
  -1.9814779388781922e-01  -7.5988231022867753e-02   3.7657835861844197e-01  -2.1879063627211420e-01   5.5237409085902434e-01   1.6556547264103907e-01   1.9187625441396038e-02  -9.9631359568020370e-02   1.6875858590841170e-01  -1.9862222460380313e-01   2.4901353251219741e-02   2.0901338054751688e-02  -3.0629181020293794e-01  -2.0046931899923601e-01   2.3310752360975609e-01  -2.1291597999581252e-01   3.3458838697195042e-02  -2.5342936226259954e-01   2.3274411595454386e-01   1.6766016114338200e-02
  -2.5435469142533951e-01   2.4986085605740788e-01   4.4896008715423423e-02  -3.1804865080845202e-01  -5.0686621419570532e-01   1.9209718834837852e-02   1.3526873237356166e-01  -1.3058794598335946e-01  -1.3486079338889881e-01  -1.5688031981377082e-01  -8.0314266225015224e-02  -7.9003578937202043e-02  -3.0303538065646085e-01  -1.1181043127542600e-01   3.7932554304105687e-01  -1.2882938002357433e-01  -6.3818877600376828e-02   1.6831641777726500e-01  -2.2476385091926915e-01   2.7173456344245972e-01
  -2.2347250595141227e-01   5.2798052329578987e-02  -2.2097835739970276e-01   1.3060939877895247e-01   2.2517562130357172e-01   7.1635413780052559e-02  -3.8067021432379172e-01  -1.5355190012644915e-01  -5.5855360548702804e-01   6.3446476701131724e-02  -1.6802180872667809e-02   1.4763447040324265e-01   2.5465163812512748e-01  -1.8173228479902001e-01   1.5223237765523437e-02  -3.6690513885229603e-01  -9.7607660524864706e-02  -1.1893122359237190e-01  -1.6598772323433297e-01   1.8714594533678974e-01
  -2.3348892883047143e-01  -1.8306428509461301e-01   1.0210470410161329e-01  -1.6218748062647265e-01  -2.4233292746360105e-01   1.6122496775022133e-01   6.9993404320816037e-03   1.6415929884668379e-01  -1.2744942471299178e-01  -1.4914570867274737e-01   2.8352152373216283e-01   3.4886613543299105e-01  -6.6696077052548777e-02   3.7741426763703406e-01  -3.9301576478413347e-01  -1.2758090636675276e-01  -1.9647207325434776e-01  -3.9051333846197800e-02   3.4145049805970146e-01   2.2045748088261255e-01
  -2.4734143094092145e-01   3.0963765076148986e-01   1.4516586181865082e-01   3.7496013138665180e-01  -3.3663577170620179e-01  -9.6959931809152120e-02  -6.5834870023531861e-02  -1.8387405405737695e-01   2.5067430880063757e-01   7.4887023098895444e-02  -1.4513621123001419e-01   2.3186033473284906e-01  -3.8982367430611953e-02  -2.0024303530356929e-01  -1.8795340938224026e-01   3.0676714166996695e-02   1.8053824973492172e-01  -5.0791575731404359e-01   9.3182046689178386e-02  -7.2263120021308380e-04
  -2.2774291046101522e-01  -1.4194266819351516e-02   2.8876425775846115e-01   1.3498708414975477e-01  -7.8375135634371734e-02   7.5722309869210566e-02   9.5467729923145131e-02   3.9815795955295719e-01  -3.0164716580986273e-01   3.1383652956517788e-01   1.1345554774973704e-01  -4.3699670910487926e-01  -7.3623696305838177e-02  -4.0708653456880578e-01  -2.0431531673969017e-01   2.6241062811033878e-02   7.4112957961326331e-02   1.3525045226812785e-01   1.8881330796860624e-01  -2.1753592685387055e-02
  -2.2140546999484598e-01  -2.7822405095889718e-01   2.5629234641362592e-01   7.2956626091234406e-02   9.4030834432921595e-02   2.0843403532334992e-02   2.7423042341815962e-01  -3.5428197896590574e-01  -3.2187218260052025e-01   2.0075838569818438e-01  -2.2025465724735796e-01   2.2273124701553046e-01   8.4043931797602417e-02   1.8718691598547296e-01   1.1444633996502768e-01   4.1993816320302851e-01   2.9437321265530564e-01   1.3602246222119893e-01   9.3021493572171786e-03   1.1725500496706716e-01
  -2.0926272862726503e-01  -7.0103411738138111e-02   2.4172372068452797e-02   3.0405931460855701e-01   3.2554830499354273e-02  -2.4058220182383275e-01  -2.4928153775641657e-01   4.0101657807563001e-01   5.9716414347013337e-02  -2.9238960916534268e-01  -1.3346387686389133e-01  -3.2750348492493378e-02  -6.9447827253954916e-02   2.9828182638144601e-01   1.8607706629040641e-01  -1.9872323983577636e-01   5.0191696579247136e-01   1.9398557437714903e-01  -1.4862341454191005e-02   1.0362215184625911e-01
  -2.0262472734229703e-01  -5.2875236495941716e-03   2.4706982238367686e-01   2.4885793554828753e-01  -3.0987769439676866e-02  -1.3332937129719477e-01  -2.4627692083753799e-01  -3.9574521316540467e-01   1.5531943609694177e-01  -2.6136544939849404e-01  -7.0273885161626637e-02  -2.1225130746607593e-01   1.7462880460126004e-01  -1.3775513966868038e-02  -6.9970120862535928e-02   8.0365705002834343e-03  -4.0227709901850428e-01   4.4798871715426963e-01   2.1886573171903287e-01  -1.0697906458751108e-01
  -2.4830016936351124e-01  -4.2876513560455615e-01  -1.3308707912177256e-01  -1.1669000046180895e-01  -8.9904907894260630e-02   3.6066953466466260e-02  -3.5446257560903305e-01  -4.0515362698460809e-02  -4.1055784270025597e-02   2.5495151927534647e-02  -2.4229666996501514e-01  -2.2409794618950005e-01  -4.1131891398125181e-01   1.1129697371411423e-01  -1.7230696808740276e-01   1.7469152902096888e-01  -1.1244078913665730e-01  -2.2830855026710459e-01  -2.7187537722633132e-01  -3.0787278058395107e-01
  -2.1510395689270756e-01  -2.7614215941573372e-01  -2.2429757014160262e-01   3.8634199141819264e-01   6.2042163576880700e-02   1.3690153721906415e-01   4.0421547133324232e-01  -4.8224884384864261e-02   1.5544050828104616e-01  -2.7058187757185304e-01   3.4564164326650676e-01   1.1841586154296323e-01  -1.0778806560230539e-01  -2.6160840763594473e-01  -1.1349146333884483e-01  -3.4538203437024052e-02  -1.5984122269682630e-02   1.2216503718535990e-01  -3.8653154480123525e-01  -3.9494598943203424e-03
  -2.0954684165605639e-01   4.6947352155544431e-01  -1.1553782161633069e-01   1.6164905119169884e-01   2.5555566483688308e-01  -1.7489275119411812e-01   6.0409152206917657e-02   1.4325943036391264e-01  -1.6660709287319084e-01   1.5719819276965630e-01   1.1304926209394932e-01   2.6794192325276356e-01  -3.9501081453580783e-01   1.9352657200156972e-01   1.1011544753313000e-01   1.8289148711562378e-01  -2.6603651262491090e-01   1.4579349713982609e-01   3.1259179336116036e-02  -3.2714726142491279e-01
  -2.2192448815533022e-01   4.9997568465122467e-02  -1.2728757325033627e-02  -3.0025601636983354e-02   1.1201796097058327e-01  -3.1813122784015779e-01   3.5757634293307317e-01  -2.1369827580439579e-01   7.6918278426006223e-02   2.7110756871111785e-01   1.0145827241944769e-01  -4.0863208524565242e-01   8.2213575432467781e-02   4.1781934551860406e-01  -1.2158962917809847e-01  -3.9842280129949370e-01  -1.6906219379762194e-02  -1.8452320825256122e-01  -1.1458690904222242e-01   2.9859253426953145e-02
  -2.7804853547847624e-01  -1.4427560806255516e-01  -2.5471510134963693e-01  -2.3821987040620277e-01  -2.0861244639066126e-01  -8.6264386355708350e-02  -1.0822477223207639e-03  -8.8388034926285025e-02  -1.0320560758520718e-02   1.8005292509735732e-02   2.8181721828067446e-01   7.9559384858272131e-02   2.6633537082213038e-01  -1.2391755117254080e-01   2.8099976993922882e-01  -8.2326716811428557e-02   2.5037928101883244e-01   4.0288291208652556e-03   3.0403118032303156e-01  -5.5508539050314687e-01
  -1.9253007077211604e-01   1.1086787113938855e-01  -5.4570324955838811e-01   1.1896957421450542e-01   8.8774951693996254e-02   2.7674097063048814e-01   7.1185527915251554e-02  -2.9604803150749755e-02   4.6028353075545786e-02  -1.2231922017994387e-01  -7.9442619628289982e-02  -3.5162085893090422e-01   1.2921010056461330e-03   8.8319149105012859e-02   1.1882320875136947e-01   3.0795570385792020e-01  -1.7096517048714330e-02  -1.4178767972293690e-01   4.0946925947636426e-01   3.1054247288967096e-01
  -2.5141175390433584e-01   3.0115809018892770e-01   2.5516343415903714e-01  -1.8775181345825617e-01   9.2210023879881725e-02   1.5939356056352316e-01  -1.3167174163903164e-01   1.2853644306410572e-01   1.1962300485368595e-02  -2.5695579761559240e-01   2.9577240354337120e-01  -1.5385620920861034e-01   3.8696309601913925e-01   1.4957595024000953e-01  -3.5854405881555820e-02   3.8482819136845486e-01   5.4794475564669445e-02  -1.6965904316020325e-01  -3.7972259765025046e-01  -5.6380598163257689e-02
