  -2.1633064231776453e-01  -1.4184285642870750e-01  -5.5319181790417038e-01  -6.2586082062421625e-02  -9.7760766760287721e-02  -5.9722241920513411e-02   4.9928886296336787e-02  -2.1640534869227562e-01  -1.5345440256365278e-01  -2.3858067898315563e-01  -1.3118581434985524e-02  -4.2402478539431382e-02  -3.9750385876660185e-03  -1.5613685946434480e-01   3.8779245411167967e-01   7.8461983810315411e-02   2.3698999449181787e-01  -4.1584522167126381e-01  -2.1914306157690164e-01  -1.4215249195911517e-01
  -2.2023090669677114e-01  -2.8543983972513653e-01  -1.4818949915499738e-01   3.4371221938522672e-01   6.9256412512295664e-03   5.1681834340501986e-01  -1.1432552732611498e-01   8.4118121656651890e-02   1.2708603982027880e-01   1.7307825170208749e-01   4.3336848914815468e-01   8.3491212065133755e-02   3.3265738272354281e-02  -9.2530172228277904e-02   4.6417029302843686e-02  -1.2086712931033139e-01   1.3420937038798035e-02   1.8000244763834536e-01  -2.8109938408205887e-01   2.5241472683651256e-01
  -1.9344136131826217e-01  -2.9897172132716082e-01  -7.0272620417063614e-02  -1.8025878408378360e-01   2.7899113433603719e-02  -4.3312062018443426e-02  -3.5627651343811330e-02   1.6411262783643665e-01   3.7793895432915459e-01   4.6106780854543628e-01   5.3639470978852674e-02  -3.7563744463553657e-03   1.6515124956226285e-02   1.3658624005267919e-01   3.0887564422580682e-01   1.0350150499549697e-01  -2.4518915650735429e-01  -1.9419626708081214e-01   4.1269732289871275e-01  -2.3108732306835716e-01
  -1.7622771045721583e-01   2.8168868380866358e-01   2.6844059202778776e-02   1.6189729595174759e-01  -1.3975765650929056e-01  -1.2844788109553648e-01  -1.8828877368575314e-01  -6.2528590752221336e-02  -1.4991306302093060e-01   1.0407654542962730e-01   2.2788267925066000e-01   3.3554543890044614e-01   3.7513567628386341e-01  -3.1920240185266097e-02  -1.5469233834900581e-01   5.6135650123341940e-01  -2.5575952125072587e-01  -1.2281139247416696e-01  -1.1291341601349317e-01  -1.2410380452054406e-01
  -2.1182316909313978e-01  -2.5421814888202044e-02   1.6868558627159632e-02   3.3102891026031167e-01   4.6762225017019932e-02  -1.8170624580431538e-01  -8.1711117989642174e-02  -1.2248215356341767e-01   2.3925697404882409e-01  -5.3169749322207160e-01  -4.7580950704262569e-02  -1.2173730961977251e-01   3.2999959527245210e-01   2.5000148749782031e-01   2.1077642232903246e-01  -1.0457069456544288e-01  -2.5011305920936977e-01   6.0319970469754923e-02   2.4000250215422472e-01   2.8310606819118850e-01
  -2.0884986359923058e-01  -2.3740716596659223e-01  -7.8134432026574982e-02  -7.9787583436094753e-02   3.4718039298336451e-01  -1.8914850651836965e-01  -3.0398290171296416e-01  -1.3896471797084073e-01  -2.6236565910797656e-02  -6.2161822837330197e-02   3.0186666638576467e-02  -2.8596534091649384e-01  -4.6484747966469947e-01   2.1839943156396807e-01  -2.8182892193802367e-01   3.0474348371712018e-01  -1.9884953033810698e-01   6.3934270458142178e-02  -2.2318216388182238e-01   5.2572380246681642e-02
  -2.3383824266869363e-01  -1.6801028791368910e-01  -3.7451329975140689e-02   1.2563734472898283e-01  -2.0503842062663902e-01   3.5877119087415638e-01  -3.1568871139340780e-02   8.0839968268315521e-02  -4.8566976831827335e-01   1.9338110293441776e-02  -1.8432269284947717e-01  -3.6024052237277271e-01   1.8302876079347308e-01   2.3417478315690238e-01  -2.5822107074904538e-01   6.8128119096171100e-02   1.1962215602383738e-01  -3.2640555752423044e-04   3.4357286489730238e-01  -1.7207465088431578e-01
  -2.1821232838318358e-01  -1.4574559556567471e-01  -1.6972358953022393e-01   3.5510251458009913e-03   3.7559862875762390e-01  -1.5687396542696100e-01   3.2807100821089319e-01  -4.0178756802178439e-01  -1.0385722115418321e-01   3.5028890525842332e-01  -2.4533039078368463e-01   2.2089737324641273e-01   2.7036400777465247e-01  -6.8331749046955895e-02  -2.5494635567407553e-01  -1.6450540164456096e-01   1.9688034873483092e-02   5.5163227378610694e-02   5.4061056922286133e-02   2.2119042315185350e-01
  -1.7570212037925922e-01   3.6716339623033650e-01  -2.9238355133850363e-01   4.4975509621522643e-02  -3.3040173961913551e-03   2.6640362025984943e-01  -7.3763494170797431e-02   3.1609040413422350e-02  -3.4642614299618388e-02  -3.3399049306344797e-02  -2.9422179322410041e-01   2.3552080695360603e-01  -2.4778963294260306e-01   8.8935474970383926e-02  -3.7204523634722347e-02  -3.6347630460732200e-01  -5.1001067384002885e-01  -4.5014317924498941e-03  -6.7757355809708888e-02  -2.3980017819802968e-01
  -2.4702023382887336e-01  -2.0935777258750069e-02  -1.0781680660037760e-01  -3.8875780286035655e-01  -2.4105022652667688e-01  -2.6224821664662598e-02  -3.4646090161823562e-01   1.3564561359033986e-01   2.5013132720873726e-01  -4.1613951407165339e-02  -2.7921646024816454e-01   2.9132094593359215e-01   1.6237339578515170e-01   2.7338022540269419e-01  -1.0642176265699443e-01  -6.4395197423866048e-03   3.7791957742979265e-01   2.5279112159813372e-01  -1.5023612266312486e-01   9.8306960124959000e-02
  -2.5300937759830866e-01   3.2285167848402407e-01   1.7369033084383735e-02  -1.8231222435824435e-01   1.3786343128018513e-01  -7.5758483162926854e-02  -1.0637786815972927e-01   3.4531823965289837e-01   3.8888083312901563e-02   7.8392177034081481e-02   1.6771927617448951e-01  -2.9231213562379949e-01   1.4513445707313377e-01  -9.4246620176064680e-02  -2.4057103898910095e-01  -2.7191947406534350e-01   4.5081979925348188e-02  -5.1596304901410928e-01  -4.7777118286531479e-02   2.9896368235645182e-01
  -2.6782557729009793e-01  -4.2251771405658833e-02   1.4757449950334278e-01  -2.7410135374871678e-02  -1.4298146523038346e-01   2.7185746362631930e-01   3.5604383996540373e-01   4.8513086466268153e-02   2.3882987641523248e-01  -2.5138729388121989e-01  -1.8775687127356888e-01   2.0961178063877636e-01  -3.2271067041812829e-01  -2.4461532551930548e-01  -1.9598395562780521e-01   3.5356809550888241e-01   3.4537068077901319e-04  -2.0406426069934014e-01   2.0100767214230650e-01   2.6760678624561834e-01
  -2.0771575641779377e-01  -7.2116260202808938e-02  -2.5085721298728236e-01   1.3162414421869517e-01  -1.4346578619529674e-01  -4.8448311475358019e-01   3.9436485456898068e-02   4.2997493235947221e-01  -2.6659135825756519e-01  -3.4645536122489606e-02   1.6099147065439812e-01   1.4860987030163464e-01  -2.2044542609360387e-01  -2.6967777975746648e-01  -3.6364928046483849e-02  -9.7670272033842917e-02   5.8322465475296173e-03   3.2486243773796275e-01   2.6041619773282121e-01   6.1760389547666661e-02
  -2.4715300480703159e-01   1.5481778572117150e-01  -3.7236689579878378e-02   9.4084050160529981e-02   3.0182845845628486e-01   1.4270082271136196e-03   3.1918294804873698e-01   1.5723539634788208e-01   3.4715685412216424e-01  -1.6898668965297514e-01   9.0022370909840999e-02  -1.7975086043747032e-01   1.5141654774831695e-01  -7.9325598426026170e-02  -1.6726671455930292e-01   5.8568005454113697e-02   2.0538788400377192e-01   2.3882096549727594e-01  -1.1990713836977948e-01  -5.6858707374745798e-01
  -2.0542296994763115e-01   2.1916884011664947e-01   1.6016291228775206e-01   4.3575601973080075e-01  -2.0477092864283913e-01  -2.1275830491641529e-01   2.2844020293426956e-01  -5.4383997777481249e-02   3.6790181127964262e-02   2.8723007255082783e-01  -1.3310030932812966e-02   1.4560163231518550e-02  -3.0896730580125675e-01   4.8426633060865515e-01   1.2028406240051465e-01  -4.0464959017605433e-02   2.8288874502578498e-01  -1.3774408540862396e-01  -1.4701791382430504e-01   3.0875681226216249e-02
  -2.0752898255753338e-01  -8.1479747777943257e-02   2.7097013425915356e-01  -2.8848598078538606e-01   4.6180991925874999e-02   3.6517927574366081e-02   2.1170493783206779e-02  -2.7459192568772706e-01  -1.6920287552268373e-01  -2.4640875717934915e-01   5.2561538265104168e-01   3.2805644229646547e-01  -1.1204876267413320e-01   2.0206723022000186e-01  -7.9650347267623350e-02  -2.9096278572260448e-01   7.9754122957245252e-02  -9.2387120661730646e-02   2.0020766092213085e-01  -2.0425565202451201e-01
  -2.2478813513842702e-01   1.3800282455705101e-01   1.8930383002018553e-01   1.5604018919637935e-01  -1.8272768036534298e-01  -5.2288144796473271e-02  -4.3542550042301742e-01  -4.3919835094271670e-01   1.7762442282725899e-01   1.4564072612875192e-01  -8.7313963201689548e-02  -1.8033244924076944e-01  -1.2409567947655928e-01  -4.9170452304116441e-01  -1.9854352843130176e-02  -1.4124153554457580e-01   1.5188819796002184e-01   6.7896182091223709e-02   1.8766565329047358e-01  -1.3530368720469416e-01
  -2.4042537193226252e-01  -3.2106705788435885e-01   5.3206941153300169e-01   1.0300617431775609e-01   1.8876945625887759e-01  -6.5290015505976046e-02  -1.0181504724257086e-01   2.6926929605437272e-01  -2.2639708583866505e-01  -5.4823988491545038e-02  -3.2830353086732311e-01   1.6096809091772069e-01   7.3540121720191393e-02  -1.6497787286895227e-01   2.2774620780358468e-01  -1.0232957479756760e-01  -5.8933590002304491e-02  -1.3099030247422966e-01  -3.0865351539658170e-01  -1.5432145982564463e-01
  -2.3763331896537954e-01  -5.0773903474075899e-02   1.4682142797481323e-01  -3.3650182540067058e-01  -4.8124514266554302e-01  -9.3899352603674810e-02   3.4685049137456064e-01  -1.3623904428117870e-01  -2.0765590172824037e-02   6.9072997177876586e-02   7.6210095156995603e-02  -3.2723574315443749e-01   9.7104523598204401e-02  -5.4012190776877619e-02   5.0779215404060281e-02  -7.4268726892392736e-02  -3.6262940664763288e-01   2.3042845637117965e-01  -3.1796366800193882e-01   5.1471924749734839e-02
  -2.5199975462719570e-01   4.1638766768398450e-01   8.1767154193191208e-02  -2.2994870219935581e-01   3.3213742524498652e-01   2.0097953100887039e-01   1.0610381222430710e-02  -7.0439022361809909e-03  -2.5153204059833550e-01   7.6901456728985268e-02   1.6683302863696469e-02  -7.7446063241834576e-02  -5.9597529316339923e-02  -6.4211155040078457e-03   5.0857705746806448e-01   2.2712152350491888e-01   9.8566579815302938e-02   3.0721110851074801e-01   1.2723159466327599e-01   2.0764555247353778e-01
