  -2.1134479199022066e-01  -9.8673370129523541e-02   2.8744733543091855e-01  -1.5167421804111886e-01  -9.1814272409058234e-02   1.8575483652113184e-01   2.7244207098507145e-01  -2.7579976135688455e-01  -6.3043907081510295e-02   4.5711503055751346e-01  -1.4004227196367292e-01   2.8481907161995396e-01  -1.3165847453097171e-01   3.6173923128949625e-01  -6.5011984614517210e-02   1.9151468994232529e-01  -1.5621231550308454e-01   8.1872990931505130e-02  -1.7171180413414130e-02  -3.3553626494832317e-01
  -2.5397713374437797e-01  -2.2499785670008957e-01  -3.5400711420806497e-01   6.2805977602050644e-02  -3.2106110223016585e-02  -2.6169374560727576e-01   1.1881878057101539e-01   4.8810178046632041e-02  -2.5946316453454332e-01   1.9393874291059418e-01   1.2068054195344360e-01  -1.0845052790140932e-03   5.8827469662695908e-01   3.5337357174800132e-02  -2.7186305788331783e-01   3.0778075556425299e-01   1.0309518147023580e-01  -1.4594002535915651e-01  -3.5990177649466944e-02   3.0267056341491939e-02
  -2.2462426754124584e-01  -3.4568453633067459e-01   2.4071684636573082e-01  -1.3244215892818814e-01   3.8729629626493978e-01   1.6098350248738541e-01  -2.8379125612212358e-01   1.6979772831352175e-01   3.0952269823033968e-01  -1.6713424716458813e-01   8.4944173158766942e-02  -2.4855919617622825e-02  -1.4880418365939365e-02  -1.5342208488628359e-03  -4.1174414703776990e-01   1.0305788461740321e-01  -2.8441283973415582e-01  -2.6554711224093996e-01   7.5763428823889686e-02  -1.3501576762329909e-02
  -2.5819241027831913e-01   1.0032826281104489e-01   2.3096414551641950e-01   1.8845932827104103e-01   9.1536455725960524e-03   1.3106444912820275e-01   1.8408458316928614e-01  -2.6901085016072507e-01   4.0335213667379227e-01  -1.4144533525098379e-01   1.9352281056047457e-01   5.2633594315413895e-02   3.5191699460376002e-01  -1.2817228917566481e-01   4.2777070138463152e-01   2.2917921460959648e-01  -1.1016034006845983e-01  -9.1336571781161762e-03  -2.3232182314670816e-01   2.1446693294648470e-01
  -2.0573826691704517e-01   1.9942775619928541e-01  -2.3195548185721157e-01   3.5222504356804502e-01   6.2845229378001383e-02   2.0998686077779487e-02  -1.2424762837348334e-01  -4.6376899765415280e-01  -1.2721030509893608e-01  -2.1329111267596926e-01   1.4965012227410798e-01  -4.6953466177863397e-02  -3.5336333584982688e-01   3.0557452698027149e-01  -8.4403069684559295e-02   1.9767878482433340e-01   5.6033793027952604e-02  -2.5579340908233583e-01   2.7000773842563297e-01   1.1372372413711830e-01
  -1.8972146488299510e-01   2.9319972359523955e-01   1.6261420693206743e-01  -3.5257353593607299e-01  -2.1781501862693839e-01  -2.1128904319835121e-01   1.1934436472781886e-02  -1.4682472684132407e-02  -1.4672091232131318e-01  -3.8043528746794442e-01   5.8821217056282384e-02   4.2352293204112851e-02   2.6638629938903119e-01   3.4679242194225751e-01   5.6862367876377605e-03  -3.9285907774844603e-01  -1.8589577126993245e-01  -2.6311776407110460e-01  -2.5549671500034031e-02  -1.1529900736430658e-01
  -2.8090393922859153e-01  -9.6256529333168736e-02  -1.1285596922256601e-01  -1.2200417317073776e-01   3.7563318367497373e-01   9.0045956976740560e-02  -1.9711658025790924e-01  -2.7016288623588808e-01  -2.2092249334311895e-01  -2.7046895421804112e-01  -3.4925095243509435e-01  -9.0998003230040841e-02   4.0854515524584169e-02  -3.6916977625008340e-02   6.6818682038550833e-02  -5.3383221277969406e-02   2.5157526665917873e-01   2.6524589127991588e-01  -4.2482895548726057e-01  -2.1555975766454821e-01
  -1.7959737951067656e-01   1.9689994010957254e-01  -2.0414214691763577e-01   1.1985665643717681e-01   2.4680101155891102e-02   2.7251965334826534e-02  -7.3662855029519719e-02   2.0237169840531191e-01   3.8900557173637224e-01   1.3967420271911024e-01  -5.5664339487505077e-01   3.1411868712997704e-01   7.6314793640140752e-02   5.2761413051649747e-02   9.1217853421557485e-02  -1.0051350958278164e-01   2.6566003708645658e-01  -3.6798912079748325e-01   1.0498203515179211e-01  -4.2459083974008098e-02
  -2.3223890574439443e-01   2.5410939087592072e-01  -1.0378429955061221e-01   2.6181218598977279e-01   7.7286274247079331e-02   1.7036876587313304e-01   5.5941051586677400e-02   3.6910211642141248e-02  -2.0702551689150075e-01   1.0955289870329447e-01   1.3226352129645172e-01   4.3534826803751830e-01  -6.9146022607517524e-02  -3.1834163058974058e-01  -3.1429996957979672e-01  -3.6296222607963979e-01  -2.7898733303778012e-01   8.8841958310607760e-02  -2.3247306653972497e-01   1.5615356012510745e-01
  -2.0774956021132118e-01   2.6619819935705655e-02   3.0717046652398955e-01   4.3234509471288779e-01  -5.8096644652718417e-02  -9.9909006742840437e-02   3.5868172676145844e-02   1.2098720087141756e-02  -7.4999008530467537e-02  -8.3765669968197926e-02  -4.2960297126846514e-02  -1.7945634723142725e-01   1.3916710398202203e-01  -3.2834017475831223e-01  -2.6501750410497529e-02  -1.1027129665612007e-01   4.0759598646194314e-02   8.8209961692590724e-02   4.0387308892721574e-01  -5.4843524590661052e-01
  -2.0816050605871877e-01  -7.4067554157149600e-03  -1.1695802789799935e-01   1.7462726187807828e-01   1.6093562210432472e-01  -2.6914493284312196e-01  -1.1239253064557504e-01  -3.0549304006235842e-03   2.8880505760863662e-01   3.0124953375488289e-01  -1.7093421897921374e-02  -3.0834522632752454e-01   6.8838491477553665e-02   3.8157291127217863e-01   1.9008879706467009e-02  -3.4573260299540798e-01  -2.1652057945464720e-01   4.2868527983016014e-01   7.6484471091130810e-02   1.5874537402397687e-01
  -2.4274004582633610e-01  -1.8316507102674470e-01  -3.1722390014741519e-01  -3.4111360759727294e-01  -1.9309773709322461e-01  -6.9427779311902998e-02   3.3258957999174193e-01  -1.9450845176536130e-01   1.3774156124426856e-01  -2.2638443206595532e-01  -2.6363612215044879e-01  -3.5079481972034757e-03  -1.3382748526206184e-01  -3.2527031656006006e-01  -4.1390026606310568e-02   7.2855879983973386e-04  -2.4468160468864539e-01   1.6974390455103058e-01   3.4989035489151393e-01   1.5399178965118945e-01
  -1.9678049920336993e-01  -1.5558888738745247e-01  -8.2996177929780771e-02   3.0506026750482307e-01  -1.7278099892736276e-01   2.0691224355256282e-01   3.5849954108665150e-01   5.3697881738004161e-01  -9.1136863091427364e-02  -3.0412315072708651e-01  -1.0997662206357051e-01  -1.7257473267268986e-01  -2.0348291553386133e-01   2.8983459340047873e-01   6.6068453499114554e-02   1.0207868439466918e-01  -1.0781216326801520e-01   4.0062044311882566e-02  -2.2633048778044143e-01  -1.6222166136485222e-02
  -2.1829718100543541e-01  -6.8601792134904388e-02  -2.6140428498648471e-01  -1.4433126239040486e-01  -7.7282446823193421e-02  -2.2007200965748963e-01   4.4216724433859371e-02   7.3615047308549036e-02   3.5069909930353366e-01   1.0914992978522883e-02   5.2625308996301867e-01   1.2584193355570736e-01  -3.0453599816335153e-01  -6.3581305796607104e-02   4.6939695433232238e-02  -7.9268664620036428e-02   2.6968761847778083e-01   1.1562003122282673e-02  -1.9374192474015409e-01  -4.0637140829000340e-01
  -2.3392658196855184e-01  -2.2943891618357976e-01   2.1367943666818523e-01   2.2189263035214110e-02  -3.0562983300922153e-01  -7.4914820934744622e-02  -4.2063818012346010e-01   1.5135148884075458e-01  -1.0821789729754919e-01  -1.4976582785718742e-01   4.9291949686604664e-02   4.4683232506093501e-01  -8.2765539659046140e-03   1.0038917707493394e-01   9.8985713872376382e-02   9.2057138850957870e-02   2.2637941750908941e-01   3.5843437328964489e-01   1.9413569498227631e-01   2.5604466637223555e-01
  -1.9461855539452852e-01   1.3884433802194196e-01   2.3048035317032953e-01  -4.0701059267660072e-02  -4.8053271701107664e-01   8.2689387272290055e-02  -7.1669824554073613e-02  -1.1414474861835745e-01   1.5931708365613634e-01   1.2215234724507730e-01  -1.0330216614792888e-01  -3.9779844340135823e-01  -8.4590487484387869e-02  -1.1530962197365094e-01  -4.4875960328711373e-01  -1.2717532700839343e-02   3.0408322129288284e-01  -3.3846718991887847e-02  -2.5612152651360659e-01   2.0426942242422502e-01
  -2.3259081986258226e-01  -7.7241215627749160e-02  -2.3238825121856879e-01  -1.6644099109314980e-01  -1.6263319352355146e-01   6.0723106464495857e-01  -2.6275664564221857e-01   5.7176868389274930e-02  -1.6226849652786457e-01   2.4826893859743415e-01   1.8860126651406969e-01  -2.4168771040612649e-01   1.0398024393526852e-01  -5.8846084447934446e-02   3.2648020280903339e-01  -1.8483684490996016e-01  -3.9875576256407946e-02  -1.3117222359301470e-01   1.8143942457665838e-01  -4.5187390932003933e-02
  -2.7986000070664852e-01  -2.4272226200514416e-01   2.7579038513629445e-01  -2.0460788499667495e-02   1.6735230468809037e-01  -3.6725021340485065e-01   1.1493291133209339e-01   3.8000331405244045e-02  -2.7629194353590786e-01   2.3594702020613967e-01  -3.9920568796054087e-02  -1.0360820078460223e-01  -2.9949183754273506e-01  -1.7334021780454786e-01   3.1722537092470399e-01  -1.5696382379890747e-01   6.2331108868837685e-02  -3.7134173256073083e-01  -6.2998960319286784e-02   2.7139483587407820e-01
  -1.8716917636453961e-01   4.6485180329775183e-01  -5.2687014340022993e-02  -1.4954315830440398e-01  -3.8027725354242030e-02  -2.2973819155038658e-01  -3.2582721744286169e-01   2.3833951666309408e-01  -8.0869391768810819e-02   1.1922716335206947e-01  -9.3047724677297466e-02  -1.0945531589392157e-01  -1.4165903919006606e-01  -1.6016797021148330e-01   1.2512538676270082e-01   4.9333363687651899e-01  -3.6395917157116564e-01   7.2442537149527933e-02  -9.3743925189650384e-02  -1.1787973557474558e-01
  -1.9608652266186546e-01   3.9448381726766996e-01   1.4082068962076899e-01  -2.7115232272295309e-01   3.9845932301654807e-01   1.5375437364297323e-01   3.2976327096275060e-01   2.4605309256600591e-01  -6.2474038038312661e-02   1.0109655844973430e-02   1.6241611951046986e-01  -5.5393721073074505e-02   2.1641057908219147e-02   5.0461212750537977e-02  -8.4915394425265175e-02   9.0155916321553453e-02   3.8486956863479982e-01   2.0248671926019735e-01   3.0080355577531509e-01   1.7166268355825853e-01
