  -2.0707636558933612e-01   6.9591869266142303e-02  -1.9193094164530147e-01  -9.0877713607557767e-02  -3.9765929899969660e-02  -1.0705393876883683e-01   4.3038998429042985e-01   3.5036161873311003e-02   2.5761423328070415e-01   1.0221131821071422e-01   7.4073299464556416e-02  -1.9056391910394535e-01   2.0174854228361499e-02  -1.8672055217057296e-01   2.8017433518086193e-01   6.6234709481153642e-03   4.1548532968639235e-01   5.8332702822987040e-02   4.6986102183243639e-01  -2.8008604104236279e-01
  -2.5658707913474227e-01  -5.1437528698229362e-01  -7.1436243555307477e-02   5.0619937168069083e-02   2.4636336650842577e-01  -3.4110959610089608e-01  -3.5771083492688656e-02  -1.2324727781084331e-01   8.3368021437666501e-02  -4.7381452168867563e-04   2.1950049777536526e-01  -1.2732690345377742e-01   2.8115347503042770e-02   1.8670494091645448e-01   2.1529732762924586e-01  -4.2683702277975875e-02   1.1979687260192154e-01   3.0786957141208382e-01  -4.4576103411337603e-01  -7.3420189192910920e-02
  -2.3199935254057286e-01   2.8848242893031411e-03   5.8520675919734179e-02  -1.4680942586873533e-01   8.9981537571207651e-02  -5.5391783687097677e-02  -3.1673341241023839e-01  -2.0274504749840655e-01   1.0844470468331396e-01   2.8895098235464034e-01   3.6482586369957143e-01  -6.6785318983410724e-02   5.6170324648544746e-02  -5.6826161043701184e-01   1.5496924842983306e-01   1.0224829163252314e-01  -2.7594847038509823e-01  -2.4172927765591234e-01   5.3923741717416429e-02   1.9430320492279227e-01
  -2.6180338147954418e-01  -2.3424915662549622e-01  -3.7279195320751801e-01   1.4316427609112287e-01  -1.8654427148032746e-01   2.3984263863421384e-01   2.1716763678212800e-01   5.8985173032493940e-02   4.6046311402891851e-02  -1.1592704092248089e-01   6.4435605417690320e-02   3.0725574174967307e-01  -2.4555861133072243e-01   3.9354740339758380e-02   2.1747951786522524e-01  -3.8324757352137717e-01  -3.9274804565519694e-01  -2.2229539458212724e-01   1.4827316763380559e-02  -1.1171964314878050e-02
  -2.3402355402539446e-01   1.3422419915896897e-01  -3.2402770391817109e-01  -3.2992826197058081e-03   3.2658410055543008e-01   1.3236160127123591e-02   9.2062107351698723e-03  -3.8700579244099098e-01   1.9812207306400148e-01  -1.5124355294573646e-01  -3.5867424360430072e-01   2.3183589343418951e-01   1.2719020887314517e-01  -2.0736789054546828e-01  -3.3611045851159144e-01  -6.0688046252415528e-02  -5.0873338103268891e-02   3.4440697503569034e-01   6.8342465001845376e-02   1.3889675043173333e-01
  -1.9959131017559412e-01  -2.0292399334471026e-01  -3.6020974312351066e-02  -4.0947423040779479e-01  -9.0586845438123773e-02  -3.8876546705124626e-01   2.4797756686888391e-02   2.9363705183616967e-01   2.0743158682336818e-01  -6.7862310986973526e-02  -1.7463361000669211e-01   1.3237108679181009e-01   9.6247065605558624e-03   2.7661953341311751e-01  -1.0592416551330731e-01   3.4959042280454472e-01  -1.6816675955650176e-01  -1.5748735518078519e-01   2.1356391370108069e-01   3.1535356357735089e-01
  -1.8159548063817477e-01  -4.1912047196049823e-02  -3.2395796748442185e-01  -2.1642996647106594e-01   1.2364461943128292e-01   1.4488904646379938e-01  -1.3262372298117575e-01  -1.7551386964555793e-01  -3.1757483232519629e-01   2.9544406959911834e-01  -1.6179554631997295e-01  -2.6351178034758826e-01   1.8132834440983614e-01   2.9297040049761230e-01  -1.3234454207014182e-01   1.0986483978448529e-01  -1.5539095672946363e-01  -2.5971844321106274e-01   4.5544612632295825e-02  -4.5063535503443330e-01
  -1.9350215731342738e-01   2.0092856058896078e-01  -2.5811737902812942e-01   3.8909033570011836e-01  -3.0997029750034832e-01   8.2062893042730026e-02   1.5721496527041771e-03   2.6232214302918816e-01   5.7700024515487995e-02   1.8121045374109918e-01   2.8169062482111729e-01  -1.2950840984845410e-01   4.5048856914069291e-01   1.4153564364929547e-01  -1.4433228977041360e-01   1.5786759404635878e-01  -1.3424447421702240e-01   2.7964587832205751e-01  -2.6104787434188384e-02   1.8605855425946954e-01
  -2.4720828281817428e-01  -1.3376906480305450e-01  -1.3951885345073392e-02   1.5569994159747174e-02  -2.2460732656196059e-01   1.7875299149304846e-01  -5.5894246735568232e-01   2.4411921446782919e-02   1.0095395332186413e-01   1.1739781418559130e-01   1.2755268347467738e-01   1.5347798298651608e-01  -3.7927788292757969e-01   1.1789778157506024e-01  -2.6876993985163622e-01  -6.7886950867423204e-02   4.0026695133614482e-01   1.2064439892308199e-01   2.1903028504121858e-01  -6.3273237838421675e-02
  -2.0356017403902760e-01  -3.1772794232385748e-01   2.2418968269015299e-01  -5.2376019810297320e-03   3.1969945402248394e-02   4.3797892885957640e-01  -1.1810290387699872e-01   1.1167808292255338e-01  -9.7722320386647452e-02  -5.2847792886446576e-01  -3.6597358924388382e-02   1.9171314793462073e-03   3.2517980986325634e-01  -1.5633266382375000e-01   1.5922595211074314e-01   2.9842031196353025e-01  -5.2076566995612385e-03   8.4030037223687792e-02   1.5639558446752053e-01  -1.4743505815524255e-01
  -2.4654518896871908e-01   2.1608916382152080e-01   6.1351766817117917e-02  -6.3594854070282619e-02   6.9398052176028721e-02   2.2682568908976428e-01   3.1457978181013391e-01  -1.8937221234387021e-02   8.6615412886785786e-02  -1.2717678415088851e-01   2.0045880756642370e-01  -2.1785447313950024e-01  -5.2486463022832797e-01  -2.6033292975720895e-03  -2.4014317551311465e-01   4.2946912708316770e-01  -1.2042254012824352e-01   5.0440079410594973e-02  -2.7974313435768172e-01  -7.0021029291769718e-02
  -1.7973622798662772e-01   3.3644303099920209e-01  -5.9013808825445262e-02  -7.6013236211415813e-02   1.3345995100047162e-01  -3.6845400718877314e-01  -1.5009037374159281e-01   3.6843004509907162e-01  -1.0775053210644758e-01  -3.5714060009860277e-01   2.4643930114861168e-01   1.8413205244546149e-01   9.7049109673399039e-02  -1.4183301937391848e-01  -1.9694036633415690e-01  -2.0230644827522745e-01   2.4390735167743017e-03  -1.2997899008438504e-01  -1.2161274478989689e-01  -3.9833074857494427e-01
  -2.5175228101356528e-01  -2.8180641804995682e-01   2.6199819363044402e-01   9.7860488205622653e-02  -4.8176926510673394e-02  -8.6410773217812140e-02   2.7304408178615547e-01  -2.4582712574907135e-02  -2.6396853702450118e-01  -4.4813741920996526e-02   2.1156099256577215e-02  -3.5029394948694370e-01   6.2746253658256715e-02  -1.2636081980049907e-01  -4.9914481253166859e-01  -3.6047618820563693e-01   6.8329327529838724e-02  -1.6616388837821558e-01   1.3623242567924551e-01   2.2219025481912713e-01
  -1.6932205445439602e-01   2.8474636990391733e-01  -2.2801243710003898e-03   2.5165542518827555e-01   4.1637096366367493e-01  -4.3293519335492060e-02  -2.3001794565406411e-01   5.6111777708894819e-02  -1.0597415517477270e-01  -2.0651582780880659e-01  -2.6813095109670854e-02  -3.3734992108557443e-01  -2.0020115941128888e-01   3.0162033863989191e-01   3.1136420885443067e-01  -1.0817427542449520e-01  -7.2461288479709271e-02  -2.8622702450634935e-02   3.1568541122170302e-01   2.8597714235665722e-01
  -2.1775589120817479e-01   2.2084809230527933e-01  -1.7762936350901459e-01  -1.8179554680113175e-01  -1.6941129179914705e-01   1.3908839499922623e-01   1.0198379248413637e-02  -1.7732380010253906e-01  -9.2862102603304172e-02  -1.7963675464818457e-01  -2.0485044689912805e-02   3.0393007416665230e-02   1.7353127354628059e-01   7.2264656117526277e-02   1.6251690102419025e-01  -3.8918664915913140e-03   5.0223150652085258e-01  -3.7295465627740559e-01  -3.7067929487659601e-01   3.5620232402946800e-01
  -2.2671682312362623e-01   1.0374194391313213e-01   4.3558863160153399e-01   3.4036108614548377e-01   6.7135555086299190e-03  -1.4607504810693121e-02  -3.5305011025454787e-03  -1.6974095671941328e-01   5.4779276954556988e-01   7.2874772604191299e-02  -1.6834136343356823e-01   7.7901664792110401e-02   1.7230082058693985e-01   2.2265046646347419e-01  -2.8747883033955403e-02  -2.7328158036712295e-02  -3.8278970559190308e-02  -3.4704116723476042e-01  -7.9781905670711376e-02  -2.3296748210232537e-01
  -2.2340778206970940e-01   2.0406348394778737e-01   1.7757091602620073e-01  -1.7521478916695929e-01  -5.8210890118048164e-01  -2.2030508833429105e-01  -1.2328659318927421e-01  -2.4313263777680236e-01  -1.0428261445785454e-01  -1.4710145246188322e-01  -2.5833994673077060e-01  -2.2329550532132608e-01  -7.4401503275370984e-02  -3.1839772189572485e-02   2.0595803835998128e-01  -1.3752508773533231e-01  -2.3569579759126022e-01   3.0905952767538314e-01  -4.9832495428911834e-02  -1.1818768275162037e-01
  -1.8418838688091679e-01   1.3534840511421478e-01   2.7031531029139311e-01  -4.7039816555386521e-01   2.1269909254059763e-01   3.5792515346015863e-01   6.5969718427967575e-02   3.3749776544114074e-01   1.1569961061263270e-01   2.8648526538428976e-01  -3.5307122718960429e-02   1.7819478249652843e-02   1.1706324213245550e-01   1.0116864749063015e-01   7.4590066858912049e-02  -3.8100492260976243e-01  -4.5686692479183451e-02   2.5527560243149883e-01  -1.2953263194779532e-01   7.7969934194271326e-02
  -2.3771702864448366e-01  -4.7994172478645465e-02  -3.5761007126899121e-02   2.9808330498279684e-01   4.1224986223934265e-02  -6.4837049771751018e-02  -5.3807974248120727e-02   4.2106597393424022e-01  -1.7093019205519419e-01   2.7309244164916852e-01  -5.5386533889564160e-01  -3.2793078663463393e-03  -1.6016946695595022e-01  -3.5591737271957585e-01   1.1652718338057738e-01   1.4827444740818474e-01   1.1046699006711597e-01  -4.3719078017152052e-02  -2.2881208010854420e-01  -4.5475672684584661e-03
  -2.7756548752936683e-01   1.1550346089123401e-01   2.9030186605602293e-01   9.2161214075572456e-02   6.5384901382972857e-02  -1.0869633654409683e-01   2.2323670636446377e-01  -1.9973220105995967e-01  -4.9436679179560933e-01   2.1838669560262722e-01   1.4563061722822568e-01   5.4084125602100042e-01   7.1773380262006130e-03   1.4931957187302297e-01   1.1118779455687774e-01   1.7437591042447931e-01   3.7062805081205213e-02   1.1523599095188287e-01   1.5900494743307095e-01   1.2958558128846916e-02
