  -3.9340706126349667e-01  -3.5478669298212734e-01   1.0639365260434643e-01   4.0742319011620354e-01  -2.1553691053504882e-03   7.3830656756900800e-02   4.5099272169542620e-01   1.9080156523949240e-01   1.2043915000173938e-01  -5.3130325503002618e-01
  -3.3726210933770923e-01   1.3832752248035465e-01  -3.9066933033649548e-01  -2.8809945730545194e-02  -3.7434056479175054e-01  -2.5760679811399034e-01  -3.2272097939286337e-01  -3.5605524493104557e-01   4.4610333163003041e-01  -2.7792581048403076e-01
  -3.4233076976717997e-01   6.3543858613236048e-01   1.4286266070179982e-01   3.4908312050620044e-01  -2.0409082847653345e-01   2.3597202837981499e-01   3.4462238318603740e-02   3.2073056239772174e-01   1.4767839526824875e-01   3.3698393148451206e-01
  -2.0838168054135292e-01   1.4209267891494193e-01   3.2641079794487526e-01  -7.4469808829017201e-02   1.9426730164170936e-01  -4.8274785447307789e-01  -4.7531203863505950e-01   4.0729600161085616e-01  -2.5087133720484750e-01  -3.1426694712525904e-01
  -3.3051734244331893e-01  -4.7551683015709301e-01  -2.6961888741586126e-01   4.3615711944264050e-02  -3.0307682083499966e-02  -3.8287759824806850e-01   1.2398012083231311e-02   2.7707552901551596e-01   2.4260313469486604e-02   6.0416754520233751e-01
  -3.1546176107455853e-01  -2.9764571138276186e-01   5.9047373794150859e-01   1.2754972039975998e-01  -9.1141210421467500e-02   1.9829794875109719e-01  -3.2159444005512094e-01  -4.9645554912914369e-01  -8.3278739502918919e-02   2.0617347093612481e-01
  -2.6318274949688664e-01   1.2504954093472592e-01   2.5948898809557397e-01  -5.0766617426867511e-01   4.7662849012049102e-01  -8.4110488491772314e-02   2.9020344419161925e-01  -8.5866539019418778e-02   5.0595230075896869e-01   9.0608218080959618e-02
  -2.7104127875393202e-01  -1.9555594150446381e-01  -2.2152740228816367e-01  -4.3631628316254550e-01  -2.2302228653769518e-02   6.4959923247533891e-01  -3.1271513363997394e-01   3.4063178523499749e-01  -3.1398945569403945e-02  -1.0754067183267516e-01
  -3.8727489925872349e-01   2.0082667296488102e-01  -6.3731284995076673e-02  -3.6772144955918451e-01  -2.7064695535809136e-01  -1.0846420052872573e-01   4.0548572894950530e-01  -2.0871906690897019e-01  -6.1378773939982068e-01  -2.5963187890270203e-02
  -2.6344573381486358e-01   1.4865826944071267e-01  -4.0899869796567484e-01   3.2293092808745005e-01   6.8580207633659940e-01   1.1280040288025224e-01  -1.2386843709468033e-01  -2.7902618713635152e-01  -2.4598367358211573e-01   1.3317496986355455e-02
