  -3.7137755254191618e-01   1.4820908693046106e-01   2.8730266980658964e-01  -2.5516116116071635e-01   4.9093050530150051e-01  -2.1984657010009370e-01   1.4099234074070560e-01  -4.5430808590597851e-02  -3.8722786051252017e-01   4.8086302403296866e-01
  -3.4535047897935839e-01   1.9612303269800985e-01  -3.3370163835594874e-01   4.0577294663021275e-03  -7.6656875291269230e-02  -1.2361238675317665e-01  -6.3123854145827563e-01  -5.5643448784334004e-01  -4.0518864550719194e-02  -4.0051900864072629e-03
  -3.0270293681222671e-01   1.5559812601413386e-01  -1.1604131767630105e-01   8.6283527268016280e-01   1.1197768942633711e-01  -6.1140342636397262e-02   1.4514366754121255e-01   1.6907126995474028e-01  -2.2290820161983621e-01  -1.0292167268982304e-01
  -3.1208078146409013e-01  -5.3665014864052873e-01   1.9518482814951782e-01  -8.4713754003692063e-02  -2.7582703997022023e-01   3.3387969143837798e-01  -1.1197202969565408e-01   2.0460801282719199e-02  -5.6486645541748493e-01  -2.2305149615005421e-01
  -3.2001070647587965e-01  -1.3846376742708824e-01   1.1934144887153834e-01  -3.6121366529865123e-03   5.7193563639352063e-01   4.6407116746093174e-01   1.5168484389749805e-02  -1.5188939461808118e-01   4.5562741518835836e-01  -3.0132419529135074e-01
  -2.9071235739667589e-01   2.0079019800304965e-01  -5.0314637776002569e-01  -1.8034302232592173e-01  -2.7379529018874388e-01   4.1831174895381645e-01   5.2563874168345170e-01  -1.0192500759655999e-01   5.3454494207160691e-03   2.2984296918572830e-01
  -2.5583346564096343e-01   3.3592991969174935e-01   3.8696490837859349e-01  -1.4317491986923672e-01  -2.8691131558827243e-01  -3.2101474737808039e-01   3.4506304225865603e-01  -2.3721506541785251e-01   6.2240372623104334e-02  -5.3560946919649310e-01
  -3.1882751688667954e-01   1.2451461985437626e-01  -3.3429449419495594e-01  -3.3609137241402709e-01   8.7792765014199109e-02  -1.8514116267692274e-01  -2.0213218681441303e-01   6.9864864357319167e-01   2.2083804848366782e-02  -2.9444021838459783e-01
  -3.7264980981938234e-01  -5.8628151202142831e-01  -4.8787255226300452e-02   8.2810282423248727e-02  -1.8908383003585219e-01  -4.4601172261920530e-01   1.3551916538257264e-01  -7.4201756234715021e-03   4.3161600661899235e-01   2.6225242972970797e-01
  -2.4677544974324866e-01   3.0951241073281532e-01   4.7250839529359562e-01   1.0180630810353941e-01  -3.6964686261097857e-01   3.0752679713651820e-01  -3.0534751681682010e-01   2.8533821134040027e-01   2.8525738546409229e-01   3.4990988294080105e-01
