  -2.3605783199310421e-01  -1.1446789210156201e-01  -3.8959664020932355e-01  -1.5698448571164411e-01   2.3126166305219850e-01   1.6795350734808714e-02  -6.4788307541130519e-02   4.4182928445507436e-01  -2.5245616976881430e-01  -3.2479567004360016e-01   5.0523595879919649e-02  -9.5016953010767818e-02   2.7947925759684500e-01   2.3837221598759992e-01  -1.3615164133961763e-02  -1.9526964913371045e-01  -1.9376377991851668e-01   1.5945660705873396e-01  -2.2165436096056379e-01   1.8818927641512176e-01
  -1.9083517593655178e-01  -1.2613723868832349e-01   3.1573282628157440e-01   7.5829556639294832e-02   4.3405925466470086e-01  -3.3666006553163830e-01  -6.8017008309622567e-02  -3.8852390777913276e-01  -1.7239914113112188e-02  -7.9633539445980450e-02   2.3734266498926992e-01  -7.0952100281428052e-02   1.2794914939918825e-01   2.5320363251767558e-01  -6.0172998521641881e-02  -1.9354045941060471e-01  -4.2123194060917919e-02   3.0129788127267260e-01   2.0659137246107370e-01  -2.4517019583074953e-01
  -1.6530311160522529e-01   1.4353716209254785e-01   1.1093820241375592e-01   3.5637046790433885e-01  -6.4646945937875899e-02   1.5359665573939871e-01  -2.6184861238063162e-01   1.7790464111590165e-01  -4.5767222265348495e-01   2.7179811513557661e-01   4.8869170468015655e-01   1.4068875441021272e-01   1.0259330219957233e-01  -2.1640469295603279e-01   8.2887298889388575e-02   6.6269062046164187e-02  -6.6719028947102701e-02   2.1622344968791452e-02   2.2582737628497848e-01   1.3525027547509502e-01
  -2.3426120228222810e-01   3.1835568833019356e-02   1.7782747336582197e-01  -1.5571542111808095e-01  -1.8956588522075227e-01  -1.5447431389521221e-01   1.4680571876045259e-03   2.6198352470179831e-01   1.5449851854123928e-01  -4.5584196829891627e-01   1.2438484634974302e-01   3.4897858502349555e-01   1.8163823072156854e-01  -2.8813147228512309e-01  -2.2615889059257030e-01   1.0462659352627067e-01   4.1171782324628448e-01   6.7396167318841779e-02   9.8748646582371258e-02  -1.7021169879470052e-01
  -2.3806459676680955e-01  -1.5928165909474820e-01  -2.5840832160944991e-02   3.8360962945981646e-02   3.5183377326567600e-01   2.5860787383305139e-01   3.4972403534653157e-01  -3.1887061396096028e-01  -6.6243832390377080e-02  -1.2665329669828512e-01  -1.5214590986006252e-01   3.6409065134656471e-01   1.6428093437461089e-02  -3.0864529483177799e-01  -1.9882394156641531e-01   8.3650021643134703e-02  -2.3089535148499316e-01  -1.3784483397715433e-01   7.7752840764595960e-02   3.2342811850086756e-01
  -2.0069658736389098e-01   2.0506448789095175e-01   3.1299016306472505e-01  -2.1531403524195136e-01   1.4082063142009518e-01  -3.9839150029907233e-01  -9.5677182943980227e-02   2.5342058509819287e-01  -2.4954645040168694e-01   1.2739428895721957e-02  -2.5312350497555963e-01  -1.2698392266893050e-02  -3.3298536024642766e-01  -5.8977477740802991e-03  -3.3792249738548490e-02  -1.2583236627392089e-01  -1.7033213352913815e-01  -4.7368219072615825e-01   1.0682208401996152e-01   4.5465134813130026e-02
  -2.5958979514549263e-01   1.7919717795758147e-01   2.5080935591226616e-01  -2.6197660819273039e-01   2.3552259792170325e-02   2.4413438275605576e-01   4.3112702701169368e-02   7.6312213660743533e-02   4.4864280998579015e-01   2.6487942451396784e-01   1.6633113498461713e-01  -1.3512246090862184e-01   1.9967980318199793e-01   2.7462049692022233e-01  -5.5789843329613620e-02  -1.0032059902645842e-01   1.4484682119018469e-01  -9.9714735815842725e-02   1.3416663801791559e-01   4.5428050245631318e-01
  -2.4678968361128298e-01   4.1925653108044214e-01  -2.4966083733814759e-03   3.7745540699120433e-01  -8.9012635868772921e-02   1.5073430238686689e-01  -1.6590383483792764e-01   6.2296260690313118e-02   2.6947052752677048e-01  -2.2413901304390282e-01  -2.2219649092927596e-01  -2.1077451831763666e-01  -1.6800155247829984e-01   8.6619364704593558e-03  -3.0006574975321704e-01   1.1574851006309902e-01  -3.6325460929026060e-01   2.5533217613228898e-01   8.9463402000876699e-02  -7.2472859883898524e-02
  -2.4449945669057402e-01  -3.0482580451736552e-01  -1.2781673460713225e-01   2.1706600436779563e-01  -1.7900905080498819e-01   2.8022605882225116e-01   2.3088558155403022e-01   1.4671305631180477e-02  -7.3220739830759496e-02  -2.3100115577633823e-01   1.5728127252726534e-01  -2.4556745322517617e-01  -2.4428938559858687e-01   2.5310059254836864e-01  -1.8702630290472796e-02  -1.4165297778117208e-01   1.7159723049636411e-01  -3.8870095721573011e-01   3.1671380047108949e-01  -2.2581932265514124e-01
  -2.5940970594072110e-01   1.6608057476091334e-01  -3.2292440958269580e-01   8.8827272780343539e-02   8.7677050380798968e-02  -2.1881006474605391e-02  -1.6811600912713023e-01  -1.4382228772245201e-01   2.3741988181261389e-01   1.9057870779833824e-01   1.4496608489686441e-01   1.2285548313168702e-01  -1.0487118089857550e-01  -2.8266741316423938e-01  -4.3200634165487674e-02  -5.6920933498579451e-01   1.1154439071051722e-01  -1.7342144935879683e-01  -3.3550179906701849e-01  -1.8761508995148185e-01
  -2.0637217379447242e-01  -1.6492131309202621e-01   2.3870908606869693e-02  -2.7777960336968610e-01  -3.2373067494695512e-01   1.1051513295023354e-02  -3.3383200224127019e-01  -3.4874214425984501e-01  -3.7420197696861952e-02  -1.3723829961306230e-01  -6.7847715002190362e-02  -3.8049399206690937e-01   3.5396688637042845e-01  -3.2990296002093911e-01   1.4911625511680615e-01   2.9869438554608288e-02  -2.3564029771083134e-01  -1.7177914059512514e-01   5.0592792266621868e-02  -5.2494316611013990e-03
  -2.6922067355198481e-01   2.7550146944403364e-01  -1.3764395565030294e-02  -2.4807446699019936e-01  -2.4150696524133142e-01   1.1974686723640320e-01   2.8223052003130605e-01  -1.0283234948837222e-01  -1.5394067363547756e-01   1.9809780436252222e-01   1.0919495403620355e-02   3.1516455694710860e-01   1.9659166276319143e-01   3.2016146599437373e-01   5.7966875231932155e-02   1.3152519259110945e-01  -2.7374459054900580e-01  -3.2080416239701162e-02  -1.3291916829960437e-01  -4.5734389656002611e-01
  -1.9947143039673856e-01   1.8763923211250016e-01  -1.9654091944565369e-01   8.3849192815502932e-02   3.3737372713477667e-02  -6.0662937084133889e-04  -2.8300158315347224e-01  -2.0618908153766338e-01   1.6213975971433356e-02  -2.0200983522510899e-01  -2.6530275775267953e-01   3.0130995647949371e-01  -7.5228689406881752e-02   2.3145664799874693e-01   5.9788482987101532e-01   7.3031795367481528e-02   2.5491262718098312e-01   3.0676274733579197e-02   1.9202025780210624e-01   1.6891541133092805e-01
  -1.8307031859578668e-01  -3.3481617081431547e-01  -1.0080254391229640e-01   2.7607289177579519e-01   1.7058974522418796e-01  -8.8857700298200892e-02  -2.5461998901737198e-01   1.7749230084033316e-01   1.2861972432085328e-01   3.7529878601393968e-01  -3.5866213951954840e-01   6.1031555966264299e-02   3.3837259733756331e-01   1.0498741714248257e-01  -1.9250281635552433e-01   2.9038970081699600e-01   1.2669499575734156e-01  -2.1770378671000068e-01   1.5536472739975606e-02  -1.8528131827884212e-01
  -2.0130749456263661e-01  -2.7975349469061711e-01  -2.3492812566251040e-01  -4.3440466016225837e-01  -8.3697972418271732e-02   6.0448671572549899e-02  -1.8488948730168903e-01   3.3091474354822320e-02  -2.8283983766425873e-02   2.9992979697205097e-01  -3.9228180106064027e-02   8.3291810055117044e-02  -4.3929503641848933e-01  -6.1922817875694064e-02  -1.6634020887348666e-01   2.7559966282498915e-02  -1.0495103252262827e-02   4.1221212600803175e-01   3.0969974418622093e-01  -3.0915073851599053e-02
  -2.0698313199681925e-01  -3.2173691842129609e-01   4.5495414773149417e-01   9.3486020310873524e-02  -1.7736968769437433e-01   2.0478653560811982e-01  -2.2854754805887040e-01  -6.6635216816871193e-02  -9.4962690275621542e-02  -7.0611062108356229e-02  -3.5806629254288527e-02   1.1635162943441810e-01  -2.6003931086918913e-01   1.7592043399033758e-01  -1.9274795029384319e-02   1.6862626951498288e-02   5.2469600502783084e-02   9.1420980021245019e-02  -5.9624555089347453e-01   1.1480892823595319e-01
  -2.2889868741231845e-01   3.8189013747165483e-02   1.0025927038446475e-01   1.8224808283871671e-01  -2.3929969134990864e-01  -1.1419020238081898e-01   3.8888944015308308e-01   1.4566687832623267e-02  -2.7349824492518288e-01   1.9601484413067971e-01  -4.2697672948777637e-01  -1.9239740476703884e-01   1.6158761957932780e-01  -1.3720281687464969e-01   4.3474191201490466e-02  -3.2941812486550393e-01   2.6831965561691895e-01   3.2721097821664330e-01   2.8034547315780783e-02   1.1571906388077381e-01
  -2.2807906156205079e-01   2.6364754734662116e-01  -2.1445366813613884e-01  -8.9633864143119510e-02   1.6552992910889996e-01  -1.2681183574542212e-01   7.2974246727939673e-02  -2.3787119531150486e-01  -2.3699903750796453e-01   2.5432322557685332e-02   1.5534023348925324e-01  -3.5353062488556514e-01  -1.3454202640339735e-01  -8.2774071700767674e-03  -1.8588258099847357e-01   4.8721085575011269e-01   3.8555557332391271e-01  -3.5516170093756468e-02  -2.5922766891767934e-01   7.6914348623957005e-02
  -2.2209770673194226e-01  -2.0973873859465589e-01  -1.6152559577043255e-01   2.0519453386239933e-01  -3.0499479317634764e-01  -5.7298779686382528e-01   2.4213770839187435e-01   1.8183544936099885e-02   2.7479785403976059e-01   5.8759350320247559e-02   2.5051013098786440e-01   7.1633999039683732e-02  -1.0237172155376295e-01   3.4404956089493739e-02   1.4870735576103047e-01   1.6677728229878613e-01  -2.6779897860172103e-01  -6.2611296490509404e-04  -7.0411578042954420e-02   2.7031249035720267e-01
  -2.1875630891713596e-01  -8.0080656877724532e-02   1.6906157411043810e-01  -4.0801650670037465e-02   3.4154255999829614e-01   1.6314799267700819e-01   2.0631586528291124e-01   2.9693741476988106e-01   2.0528907265219368e-01   5.4920757685591050e-02   3.2438212584069932e-02  -2.1755433672697821e-01  -1.1266194913512441e-01  -3.2198418817506702e-01   5.4352419416983111e-01   1.9004077537766564e-01  -5.3363937652789559e-02   1.1673801504943626e-01  -9.6976369071953297e-02  -2.7231789223867509e-01
