  -2.4837617266005282e-01   2.3801118479199634e-01   3.0433040211917312e-01   2.9377120350356740e-02  -3.3027010343553886e-01  -5.5957140290194030e-01  -2.3012612545945371e-01  -8.6933998300620860e-02   2.1016741771446806e-01   5.1117076461522071e-01
  -3.4359376409387854e-01  -2.3405331580625260e-01   3.1030592260384049e-01  -4.6527815398986910e-01   1.6426170202807075e-01  -2.7774420445116133e-02   4.1284195998305845e-01   5.3531811710553767e-01   1.5614905563254342e-01   7.2450129533561447e-02
  -3.2934727555620824e-01  -1.2263937607066654e-01  -6.4677717264498780e-01   1.0802629418370038e-01  -9.0877735054171752e-02  -5.3117749625839794e-01   2.8174532545838343e-01   1.6901930056167564e-03   7.3035512763055727e-02  -2.6715874995303268e-01
  -3.8434759270595131e-01   4.0869999361552889e-01  -8.8795406010234751e-02   2.6114052825891976e-01   5.7248808131498463e-02   4.1246314627000308e-01   5.1939863967342237e-01  -2.4238494180008288e-01   4.1613763009333581e-02   3.2481049602911671e-01
  -3.9189886073691904e-01   4.2147910107808030e-02   3.3321805868874665e-01   6.1943819768367048e-01   1.1246021547018674e-01   4.4506441303751122e-02  -2.3403440015715571e-01   2.8276307801859346e-01   1.2315466635347021e-01  -4.3055618363638581e-01
  -1.7706856256266743e-01  -2.0934612694038909e-01   2.9643407616624073e-01   5.2298327758035300e-02   3.9751860113607274e-01  -2.9991518427880492e-01   1.1850449005684612e-01  -3.7125911512288984e-01  -6.5871313265355624e-01   2.1514061037713875e-02
  -3.1946440991869302e-01  -6.5636219872753943e-01  -2.1100721236257211e-01   7.6381360454709613e-02   1.3087108508720377e-01   2.6065910168781353e-01  -3.4522963258827682e-01  -1.7621969555879835e-01   2.1510031895094728e-01   3.6769221265298013e-01
  -3.3166876246776889e-01   2.8469458605636772e-01  -3.1778369483082464e-01  -1.8255649725139572e-01  -5.7267277979260310e-02   1.4248193612169155e-01  -3.9439856279780527e-01   4.0844533844089476e-01  -5.5468409226188375e-01   1.4490882304629157e-01
  -3.0229105959150682e-01  -1.7801734896226484e-01   2.0005977709977416e-01  -2.2667269422155176e-01  -7.0774323770447045e-01   2.3164369501727158e-01   4.4513711814423734e-02  -2.9799227128103256e-01  -1.5783526716795337e-01  -3.3951934589689625e-01
  -2.7510061321256102e-01   3.4254759225320386e-01  -2.1119531917157295e-02  -4.7519351366589507e-01   4.0053458326868929e-01   1.8742344888062783e-04  -2.8621232753334003e-01  -3.7769699294762998e-01   3.1057465061056339e-01  -3.1506947417305764e-01
