  -3.3796321938638962e-01   2.2726788611966528e-01   1.6334270884130803e-01  -5.9499472652696661e-01   2.1592604348151551e-01  -4.1181293317952353e-02   2.6567193921417744e-02   2.8311493744614035e-03  -4.6030408739227993e-02   6.3425390834657824e-01
  -3.1634893459707730e-01  -4.7447706756554564e-01  -2.7085458697937181e-01  -4.2406387719992576e-02   1.5162013240598762e-01  -1.5437983142773520e-01  -2.6174535539808585e-01   6.8034861932739632e-01  -1.4269469138894048e-01  -3.2648249267849636e-02
  -3.8081937386365033e-01   2.0008569099787021e-01   1.1224270923656154e-01   8.4848328435340070e-02   5.3749354285974889e-02   5.3722255606412572e-01   5.2561803219618985e-01   2.4512395909244392e-01  -3.2078984188123261e-01  -2.5373489030403468e-01
  -3.0456373489771243e-01   3.1257106160699016e-01  -3.8148762998135979e-02  -1.0782699955490860e-01   1.9998935543949156e-01  -1.0586273869240045e-01  -5.6385264245663869e-03   1.2505709489907904e-01   7.6217481893771866e-01  -3.8558278820454550e-01
  -3.1639657246809172e-01  -3.6293049828953017e-01   2.8233980621149535e-01   5.5956096634320762e-01   7.6136001686871485e-02  -1.5627597990548864e-01   3.2044545659654877e-01  -1.0310940081821597e-01   2.8836425981312219e-01   3.8556551056720778e-01
  -2.3977134488975946e-01   5.1241707842510564e-01  -3.7526174907955506e-01   2.9760610535463428e-01  -1.6303361848035131e-01  -5.6955130396922127e-01   1.0975597990340812e-01   6.2312906607769275e-03  -2.9019208886399112e-01   5.7291923396708161e-02
  -3.0259159789455831e-01   1.2974150532800055e-01   1.8375992633617619e-01   2.8953619524910817e-01   4.6908786506994438e-01   1.3289513988530255e-01  -5.9837626596517857e-01  -3.2080967937012650e-01  -2.4397736968814288e-01  -1.2571412595045001e-01
  -2.8355311166366687e-01  -2.9651507271243616e-01  -6.8717125888134911e-01  -1.4872974189730384e-01   4.1372621727433646e-02   2.0780844216186220e-01   1.3378811507652361e-01  -5.2117616746686335e-01   5.3640512076959655e-02  -7.3732688393105903e-03
  -3.4569462926865796e-01   7.9956896376920480e-02   4.1669267751422226e-02   7.6283070850841586e-02  -7.5354364022301201e-01   3.0885407156063999e-01  -3.9520503886099390e-01   4.1020618928616304e-02   1.4971336642909083e-01   1.5180257572627187e-01
  -3.1441348880257841e-01  -2.8292915600518992e-01   3.9706129798455431e-01  -3.3452705814695355e-01  -2.5601319420619506e-01  -4.1183589017296240e-01   8.7208603127387652e-02  -2.7293990521007594e-01  -2.0376727147315110e-01  -4.3903876192222874e-01
