  -2.5369481089850543e-01   1.5585964821960377e-01   1.9407631908592210e-01   2.7691303702429539e-02  -2.5327560353934886e-01   3.2338735781339234e-01  -2.6534781229154125e-01   1.3533541191506995e-01  -1.3760819992205595e-01  -4.1838687197583269e-01   2.0227875286600628e-02   4.3362570201747996e-01  -2.1897788556191072e-01   5.4891738307982253e-02  -2.6629406433701047e-01   1.0269016072817945e-01  -6.8138097701466505e-02  -2.3513125353830067e-01   1.2059382464322503e-01   1.6168684913471923e-01
  -2.4431906152949490e-01  -1.3544928647714244e-01   2.5157470364525475e-01  -9.5628888985678465e-02   1.2276164196190598e-02  -3.5586852991389434e-01  -3.1226781047092249e-02  -1.5628716970338613e-01  -4.0897563856698085e-02  -1.9863275568972061e-01  -3.1000735597488599e-01  -9.2689314360407851e-02   2.7697275721284435e-02  -9.8306713744478899e-02  -2.7809305000157475e-01   4.0595492385182029e-02   2.1910152286078025e-01   4.1858189759952584e-02  -6.0855129835674404e-01   2.0494452238258901e-01
  -1.7480503296368052e-01  -4.8943506729823283e-01   1.4807634111196646e-01   2.3758848548302000e-02  -4.6187776505770637e-03  -1.3377032746779180e-01  -1.4476536340238910e-01   3.9093558960401592e-01   3.0985164479705213e-01   8.4877667175353291e-02  -1.9158361876050581e-01   4.0267331751005636e-01   5.7234616200766815e-02   7.0365949921118703e-03   9.8531480993138118e-02  -5.8187807329047249e-02   1.5495925300683960e-01   3.3065980636020609e-01   1.8129194907703089e-01  -1.7608228061209311e-01
  -2.5184574943053178e-01  -2.4622211940058333e-01  -5.2835860518420333e-02  -1.1623331235918880e-01   5.5491369072578449e-02   2.8807588838292736e-01   2.0466683772542230e-01  -5.9179263634659323e-03  -5.7960384116047758e-01   3.0325791819171839e-02   8.1776690210604124e-03   1.4502242426745809e-01   3.2899179612723212e-01  -1.8886563997461556e-01   3.4619577968266724e-01  -1.7245630213961932e-01   9.4775031784049321e-02   3.2626005956240413e-02  -2.0103961690456321e-02   2.6409832882577888e-01
  -1.9437162378821382e-01   1.7166141416672329e-01   1.5899162051056487e-01   2.8430982188486380e-02   3.5737073574885075e-01   2.0005841226391316e-01  -7.5509561586455082e-02  -1.9795429695697817e-01  -1.5728056649941455e-01  -2.5114606357365760e-01  -8.6532066206548117e-02  -2.5022835769275459e-01  -5.5769077367967386e-02  -1.3180351052570230e-01  -6.4355018586672336e-02   2.3014812987197758e-01   2.5788661198349005e-01   4.5051638760940249e-01   3.0312460081245468e-01  -3.1173688486621742e-01
  -2.2426400346474948e-01  -6.8048026634639505e-02   1.2281564203146783e-01  -1.0708556467848822e-01   8.9902576804787554e-02  -4.1109177346298953e-01   2.0810961229768754e-01  -3.5950571145219318e-01   1.4365842079967368e-02  -3.3226593626064066e-01  -1.2045904463349008e-01   8.7363409135813960e-02   2.3677362886944699e-02   2.3500849194678347e-01   2.3435463986978899e-01  -1.0350527286562100e-01  -4.4884985330510713e-01  -1.0701664647362523e-01   3.1475793037503436e-01  -5.2202525728773187e-02
  -1.8555012500690485e-01  -8.0458706558929477e-02  -4.0575094040483511e-01  -1.1909054621815660e-01   3.3243294947884761e-01   2.7713059476863599e-02   8.3379565734415198e-02   2.9692992163890242e-01   1.0020375523836732e-01  -1.6684849430930515e-01  -2.2656811108016700e-01  -1.8335099944436006e-01  -4.4363750213348513e-01  -3.2632281455367879e-01  -4.6226992502737888e-02  -2.9164719540122808e-01  -4.1495315032393912e-02  -2.3107066364214371e-01   6.1491778578969890e-02   4.0736442032903698e-02
  -2.3626441667763232e-01  -3.1053351864142154e-01  -1.2714419345766756e-01  -2.4344869957489787e-01  -1.5995860415026064e-01   2.1474289504136818e-01   3.5353737575417110e-01  -3.3000741420930213e-01   1.6313650539780858e-01   6.2141900222366202e-02   3.1285854922569606e-01   8.5375374394751125e-02  -3.1995176080693223e-02   2.5299217128109397e-02  -3.6959672182083730e-01  -6.4211329931670211e-02   1.6330023148152387e-01  -1.2789487174695782e-01  -3.5074501609389297e-02  -3.8004327265084609e-01
  -2.3196347256520802e-01  -6.6439117197827469e-02  -1.9226311677314320e-01   4.9430808720113115e-02  -4.5558752236180783e-01  -6.1382307539324825e-02  -1.8889293313736541e-01   1.7577608049008916e-01  -2.0702810065032642e-01   4.8629619872040862e-02  -2.2005427530274294e-01  -3.3732569384910549e-01   2.9765674679715193e-01  -1.9314433210811882e-01  -1.6801277366114775e-01   1.1160802991341695e-01  -3.6947407444114488e-01  -8.1550663413097729e-03   5.6809549807772676e-02  -3.3261525968476691e-01
  -2.3296563055632868e-01   3.1662040595509305e-01  -2.7114103121864349e-02  -1.3169791694253735e-01   1.9358005753238379e-02   6.7602805391605680e-02  -1.0826978425555198e-02  -1.4208183812089326e-01   4.8474386063650793e-01   5.4596122898252553e-02   1.4871669462578743e-01   1.7333375586486807e-01   2.5898626427594523e-01  -5.4181740272320922e-01   4.8392262194083005e-02   5.9929577482480567e-02  -2.4551026689457017e-01   1.8407316344343272e-01  -4.1669396841152520e-02   2.2262787993965796e-01
  -2.2462061297011224e-01  -8.1673384135357213e-02  -2.1136822702311500e-01   3.8346057560694491e-01   1.1395238654065973e-01   7.8334675423247669e-03   4.5109664207930993e-02  -1.4145083691302091e-01  -1.9148755135497744e-01   3.0285817550068261e-01   6.3907046756493918e-02   1.8765611121801967e-01  -3.9269511973783089e-01   1.1628670678181777e-01  -1.3296709241536442e-01   9.6781631568548132e-02  -3.8580005092180225e-01   3.9290106591068125e-01  -2.0582638205857859e-01   8.9559312121639589e-02
  -2.5839136658862166e-01   4.2673355129006146e-01  -2.0457102602980387e-01  -1.1032986809208948e-02   1.1319375093409961e-01  -6.4257015847580853e-02  -2.0494046832577753e-01  -5.8716793291066730e-02  -5.5851858592443474e-02   1.4838882823423993e-01  -1.4503576757540013e-01   3.1616634663747328e-01   4.5019662545813195e-02   1.3115416163173438e-01   2.9182017314269604e-01  -1.0661275616341842e-01   1.7574689123771528e-01  -2.0038132727927921e-01  -2.9754429309721758e-01  -4.7466868738956969e-01
  -2.2679223383850619e-01   3.4006747377788205e-01   1.1016957848403093e-01  -4.5986629580908622e-01   5.1896755527769553e-02  -1.0568849994603939e-01   2.6389296351733693e-01   4.8418331445156981e-01  -9.2593527433450992e-02   1.1432088329058032e-01   1.7452599026906601e-01  -9.5313842096336712e-02   3.6925195818893072e-02   3.4555027997424970e-01  -1.8018464242174723e-01  -6.6677684408326554e-02  -8.4292039927310575e-02   2.4935490910044297e-01  -1.8765950674317296e-02   5.3533161469241940e-02
  -2.0687284726190583e-01  -7.0854925032223320e-02   2.0396203660058301e-01  -2.4428596656335927e-01  -1.0489956579870735e-01   4.4050927985153743e-01  -1.8562509086661377e-01  -1.9346170756697381e-01   2.3881691846213673e-01   3.3246776292172442e-01  -3.6529017723788071e-01  -2.8938483090905009e-01  -1.7078450506831525e-01   2.8034618458758487e-01   2.1124875136054660e-01  -1.7506571060930350e-02  -7.9996441849957495e-02  -4.8287082420330661e-02  -1.2153961145218758e-04   1.6672386328452871e-01
  -2.4920760988579377e-01  -6.8693582122594993e-02  -3.3747351565067174e-01   1.6339859534322423e-01   3.0566415733222579e-01  -1.9597418902151942e-02   2.6542019331910267e-02   6.0089595135214897e-02   1.4462346111575336e-01   5.7229439582391205e-02  -6.8270753506998016e-02  -2.0150591900183524e-02   3.5350566630491653e-01   2.9491223085677754e-01  -1.5628233343263007e-01   4.9640256906856872e-01   1.4193725463948745e-01  -2.6881659515041434e-01   1.5294993597442946e-01   2.5810836164296613e-01
  -2.0238732747186589e-01  -2.3405180427035613e-02   3.7570241446441777e-01   5.0783252581361338e-01   1.3134306502615808e-01   2.3737401589679852e-01   2.7668924069398709e-01   2.5789503319721124e-01   1.9355621290761327e-01  -1.5776989087979471e-01   1.6570477923764876e-01  -2.2118572092425798e-01   1.1431726649373644e-01   4.0007298372099549e-02   1.6055203464871798e-01  -8.5585560464049665e-02  -1.4666659355009459e-01  -1.6899251743103752e-01  -2.7204548840898152e-01  -1.7943094423645961e-01
  -2.2885587729259343e-01  -9.7186401501751396e-02  -3.2766253607762957e-01   8.7658369493925411e-03  -2.5111632581215843e-01  -8.6028423731908082e-02  -2.9992646348796936e-01  -1.1522417143022306e-02   1.2676959297648147e-01  -3.4956212399215425e-01   4.4137102170639869e-01  -2.5872750925063159e-01  -8.4580166945898122e-02   2.0338973433895802e-01   3.3214228691237452e-01  -5.6852457532037833e-02   1.7493137536113079e-01   2.1783262925301275e-01  -1.0831427786515838e-01   1.3536189009559713e-01
  -2.1769533320570472e-01   2.6332125561524694e-01  -4.1209247121003880e-03   4.0786788092972603e-01  -2.5923955452258446e-01  -1.3164020000462021e-01   1.3575384069863636e-01  -1.1723964178146611e-01   4.5497121190303795e-02   1.6352637005773046e-01  -1.3378366893014787e-01  -6.6726979837190697e-02   5.9057844980035815e-02   3.5035250231759268e-02  -1.9356179109221353e-01  -5.0081937450995095e-01   3.2575610856528037e-01   4.7628477922374318e-02   3.2266524577101113e-01   2.0863277030872637e-01
  -1.5479089630278783e-01   8.9041943460597531e-02   9.2654839840914049e-02   1.8514119302142154e-02  -3.4479186088591623e-01  -2.0302980286606245e-01   3.8538653855512373e-01   9.0197897965310900e-02  -3.4063863802450821e-02   1.3814249757926109e-01  -2.2189299108582129e-02  -1.1171363474688303e-02  -3.7290724447032442e-01  -2.2113955900454174e-01   3.3597493751247959e-01   5.0011797847527784e-01   2.2266141554889102e-01  -1.1268461508319004e-01   9.0798824980097656e-02   9.0421921820232013e-03
  -2.3940856249517334e-01  -1.1877301848199870e-01   3.2279335952643334e-01  -2.8552574830721926e-02   2.3118813702913774e-01  -2.6751690619740892e-01  -4.0831258853473179e-01  -1.8838659604915067e-02  -1.5790122019635139e-01   3.6513302509710099e-01   4.3661116812799311e-01  -1.2791839785088538e-01  -8.9915530963928736e-02  -1.7947136126664612e-01  -5.4977872246938626e-02  -4.8715007852491519e-02   4.8481440189821531e-03  -3.0359749791020235e-01   1.6786400067838581e-01   1.2933844519904968e-02
