  -3.6777937338947558e-01  -1.1276264557702731e-01   2.7013538101098805e-01  -1.9009778273046574e-01   5.4932683098956347e-01  -1.7273598953949054e-01   1.0868939225175814e-01   1.9991302298063429e-01  -3.6802947090165128e-01  -4.7338213493333053e-01
  -2.4652491125981421e-01  -3.1571503393647599e-01   4.0909096556141245e-01   1.1487314002776731e-01   6.8383522687580259e-02   4.4241272923811070e-01   2.2988649662156213e-01   3.8494800075359065e-01   4.4747173348091446e-01   2.3943513323321955e-01
  -2.5756725123528335e-01   6.3436590153775341e-01   2.6140432835224348e-01  -5.8280984744222983e-02   1.7068991913956463e-01  -9.7533688407087996e-03  -4.1138788521303071e-01   1.5061816297103922e-01  -1.0779869592402005e-01   4.7616547473950349e-01
  -3.7922029453679390e-01  -1.6975055423863783e-01   7.0831118129278905e-02   2.8951556285640340e-01  -4.0220934083945586e-01  -6.2786901078016308e-02   3.1298801972647766e-01  -8.4721787104880666e-02  -6.0387994453341487e-01   3.2096041998645525e-01
  -2.9885454251177634e-01   5.0753432735579584e-02  -7.1996252069302380e-02  -7.2371546365296957e-01  -3.7477370015002931e-01  -3.2577002291917717e-01   2.3405331883760885e-01   1.1893782103058531e-01   2.4271218560701049e-01   6.8881915723446513e-02
  -2.2943498958543987e-01  -1.2484063676124908e-01   4.2352996158324929e-01   8.4325201850652884e-02   7.1880873671472195e-02  -2.7253440776957299e-01  -9.2032261360535911e-02  -7.4660481088511432e-01   3.1571079972917226e-01   1.6798204947612028e-02
  -2.9000434484354953e-01   8.6628548895744117e-03  -4.8421918312913143e-01   4.3021753645422928e-01   2.8925112008690690e-01  -4.9093516194285358e-01   1.2639108508033933e-01   1.8757740780117152e-01   3.0981298279440578e-01   1.5633128483285541e-01
  -3.4245337765529260e-01  -7.1314011552725293e-02   3.1569831086806124e-02   2.4078569084038123e-01  -4.7469300425884770e-01  -3.1973974086637692e-02  -5.6914964340954688e-01   2.3344646018876508e-01   1.0683606043654521e-01  -4.4996366436829849e-01
  -3.2421801071782391e-01   5.6615917369416124e-01  -1.6765218760326772e-01   1.2428101845618023e-01  -5.3092491088651467e-02   4.2149568911285379e-01   3.9220274257738241e-01  -2.3828068884764314e-01   1.2547932217892105e-01  -3.5209413116853794e-01
  -3.8126929268515874e-01  -3.3543287947485756e-01  -4.8804607510086573e-01  -2.7214995728456065e-01   2.1263975763643525e-01   4.1267000900554240e-01  -3.3340278138372303e-01  -2.5290519657267269e-01  -7.9411633348154015e-02   1.8145819268364313e-01
