  -3.2555352054931480e-01   3.9774052575502145e-01   7.3512980025659785e-02   1.2527229230153053e-01   5.2212701799027428e-01  -2.2149427195168270e-01  -1.3795923825816878e-01   5.9714986918036106e-01   7.1165662834535626e-02   1.1116865253719334e-01
  -2.4734655419822124e-01  -5.9352813860581055e-01  -2.9095499222741034e-01   7.1308436515007512e-02  -1.1470757479897011e-01   2.8713980822348405e-02  -4.2158519464730426e-01   3.3803714902249182e-01  -4.3436922167607273e-01   4.6283891081628996e-02
  -2.8621009712038115e-01  -2.5049666297318429e-01   2.1200306829852247e-01  -1.1114364854171155e-01  -8.4750774630486629e-03   6.6157864410877321e-01  -3.8541369777716508e-02   1.8066292447586277e-01   5.7083492405202152e-01   1.7373005085211120e-02
  -3.8722534714297713e-01  -7.2947515239570479e-02   7.1465443423421049e-01  -2.6782255519653708e-01  -3.2192291814231749e-02  -1.5001623703372030e-01  -1.4312052559225377e-02  -1.2228419375409691e-01  -3.2206667596724942e-01  -3.4619198636392579e-01
  -3.9712428485997037e-01   4.2327725394540362e-02  -3.1471955036992139e-01  -2.2992557100530958e-01  -2.6924338094431421e-01  -2.9725542684529968e-02   7.3450467800034491e-01   2.5254693281879736e-01  -1.0775931651749797e-01  -1.7937413501155953e-02
  -3.2849537738627427e-01   3.2125888051763457e-01  -2.7244548290264492e-01   3.6159383653283295e-01  -3.0564690077105483e-01   2.0075185753397968e-02  -2.5945108141478496e-01  -1.2484270946989635e-01   1.6084299114529935e-01  -6.1750530391420844e-01
  -3.7572698394141146e-01  -2.0378242512500633e-01  -2.5458896881046683e-01   1.1735952446851634e-01   6.3725395826807607e-01   7.7052022294804220e-02   1.5289794810126500e-01  -5.4780556397076496e-01  -5.6361319490274613e-02  -6.1820280950933065e-03
  -1.9993847224581868e-01   1.3687059916821415e-01   2.8847575556499633e-01   6.6441092742997410e-01  -2.4702747262910962e-01   2.1852532438473643e-01   1.4397611280504771e-01  -1.0176917198115441e-01  -2.4709535394699503e-01   4.6444893730617548e-01
  -3.4203995371195850e-01   3.4032700703684388e-01  -1.5817834514081361e-01  -4.7341224439896201e-01  -2.1848567582152587e-01  -1.9013823026130916e-02  -3.8706930229046027e-01  -2.9176113741914139e-01   1.4670902252520874e-02   4.8454793247502370e-01
  -1.9292614791645743e-01  -3.7466610554097701e-01   8.9082225655436692e-02   1.7941562234318276e-01  -1.7987268426235198e-01  -6.5923147915523705e-01   2.8308411846549218e-02  -8.1315965967487053e-02   5.2416494318211515e-01   1.8214372490920988e-01
