  -2.9951819258352663e-01   3.8638530401874094e-01   6.1882008262029737e-03  -1.0034655903704752e-01   1.7111113148150156e-01  -1.4094726864463880e-01   7.0663215849286407e-02  -2.0475302717153612e-01   6.1470298727658779e-01   5.2627513410544657e-01
  -3.4620263835347509e-01  -3.4999694549736138e-01   3.7092764863924932e-02  -6.0689313269984321e-02   3.5666833851628527e-01  -3.2707052001983339e-01   5.8177694189270568e-01   1.1438269416137433e-02  -3.7143776119426186e-01   2.0454369229310346e-01
  -3.0111849201616164e-01  -1.6432616459496882e-01  -4.1370186963460498e-01   5.4167398316822823e-01  -5.9571082541339049e-01  -1.4851316256743136e-01   2.9986267908384275e-02   3.2515440309678671e-02   2.0403453526195079e-02   1.9612329389196292e-01
  -2.3048634785001043e-01   7.9790764248824531e-02  -8.9874045734874508e-02   4.7206483513190456e-02   1.2176852442662076e-01   3.8175971476468984e-01  -3.2276475605163468e-01  -6.0815525813713700e-01  -4.8163970711124537e-01   2.5224772474600782e-01
  -3.3369505241205411e-01   3.8539215403756188e-01   1.3721028389181111e-01  -4.5213592732804569e-01  -3.8054377158528385e-01   6.4056365129858414e-03  -8.5736359248080762e-02   4.5238866300042446e-01  -3.6049721931286288e-01   1.7334323091288678e-01
  -2.5088997361309390e-01  -2.6573216234287172e-01   4.1194070838866476e-01  -2.2828885219217679e-01  -4.4293675031960245e-01   3.2958651457041144e-01   3.3223531099024733e-01  -3.5420184688490658e-01   2.3504614361856405e-01  -2.2073404034774649e-01
  -4.1366832157399891e-01  -2.3255952189313414e-01   3.6909445515835820e-01   3.6866088594090157e-01   2.9115674470030251e-01   3.5770686062252055e-01  -2.7985896739327504e-01   4.3501248655332408e-01   1.4374052236999196e-01   4.1331971544813391e-02
  -3.4319576582532507e-01   6.6303669224216363e-02  -6.6386636866053506e-01  -2.3083516609223273e-01   2.0793521846680155e-01   3.5542510141198164e-01   1.5375713000220492e-01   1.2521319291468769e-01   1.4395273813801346e-01  -3.9269710096616334e-01
  -2.8237876507042003e-01   5.5222962819084831e-01   2.3062696834407181e-01   3.8985612380184814e-01   6.8330828876342481e-02  -2.6306785305144031e-01   1.1590321770349533e-01  -1.6527344632480717e-01  -1.1651488577153582e-01  -5.3097051798347872e-01
  -3.2201791091246590e-01  -3.3505300480113420e-01  -2.6445640494939995e-02  -3.0476548756027572e-01   1.1170578012313200e-02  -5.2269293490302260e-01  -5.6421552451061929e-01  -1.5713472580307700e-01   1.0778096609783626e-01  -2.4996534139878915e-01
