  -2.1530017880670779e-01   1.4742231827610450e-01   2.0604432217099355e-01  -2.4888881942671467e-01  -7.9670593700943468e-02   4.1649873725063530e-01  -7.2082755317622149e-02   6.7458047334178817e-02  -2.8511396388607602e-01   3.7767732952107769e-01   2.1436169482436601e-01  -2.1764634898988816e-01   3.2817350485801616e-01  -3.0369406477138100e-01   1.6267069048606361e-02   1.5811125393701060e-02  -2.9481189951285562e-02  -5.1543787373333178e-02  -1.8071498828904971e-02   3.4117655303075795e-01
  -1.8574446643475581e-01   8.2020227728439962e-02  -6.1998150561223056e-03  -2.2011654530374208e-02   4.5312605919465004e-01  -2.0033232815429355e-01   1.0930926164460064e-01   4.7846814226746193e-01   3.3443283072647115e-02   4.2120906491773125e-01   2.5744445801797092e-02   2.1064985692479596e-03   4.9513993917324382e-02   3.0697427055013871e-01  -1.3990347866030114e-01   1.9650089920122793e-01  -2.8379488332373731e-01   1.0998979450505325e-01   1.7914663630665570e-01  -1.1449106185294249e-01
  -2.3445696254673887e-01   6.1350180455171384e-02  -2.9284706583365405e-01   1.8196275134301851e-01  -3.8628313067075815e-02  -2.8400752068149966e-02  -4.1846098194320125e-01   1.8277912248226662e-02   3.9433142976996605e-01  -2.0331081452952396e-01   3.1419252671629566e-01   3.8541579009427084e-02   3.4805525629829287e-01   2.5478527445902018e-02  -3.3831752467732035e-01  -8.8855403137550922e-03   1.1489043102644700e-01   1.3955253511730809e-01   1.9993840150008566e-01   1.9656920604879607e-01
  -2.0991905594151977e-01  -5.2181233655563652e-01   1.7811731301302292e-01   2.1379549297778994e-01  -5.8473730405034778e-02   2.9005766556442358e-01   2.0621905925523730e-02   2.8960022522666762e-02  -9.7553186586558635e-02  -1.6779941639958870e-01   1.9719764389815644e-01  -1.6895346382312298e-01  -3.9136749505401569e-01  -6.5371282278838455e-02  -3.3751757014149281e-01   1.6357787145667971e-01  -2.9797212305752419e-01   1.5597850366898613e-01   1.2676921711124939e-02  -2.9906954194626856e-02
  -1.7097422686123179e-01   2.0949971379348398e-01   3.0449286827135696e-01   1.8999664487071258e-01  -5.9917918501376843e-02  -1.0781843983317942e-01  -2.6774369211601712e-01  -1.3983287502799568e-01  -5.2065279761602967e-01  -2.1365352001314317e-01   1.3480323489734994e-01   4.3067606620773954e-02   1.9238247450356508e-01   1.9302897121920898e-01   7.4257984909649910e-02   2.0243134415447034e-01   6.2453230913155397e-02  -4.5190748612130772e-02   2.1394460585097705e-01  -4.2705440667393263e-01
  -2.2769811108008947e-01   4.9668511783963351e-02   2.7777149003371165e-01   1.5305149662285189e-01   1.2206206445312935e-01   2.8494809170364434e-02   3.9646293567856833e-01  -8.5397879555842479e-02   2.0169226930635481e-01  -4.9492511704187628e-02   1.7621758202778792e-01   6.9401165332419051e-02   1.5845474855213448e-01   1.0241631921172891e-02   1.8485972713970364e-01   1.2930860884386741e-01   3.2509478125230529e-01   5.2307037224951214e-01  -3.5905930929506547e-01  -4.0002482815470246e-02
  -2.3750026322601805e-01   1.4641033297865719e-01   2.1821556921377747e-01  -2.5985238141408512e-01  -1.3430805131426143e-01  -3.5828070411979274e-01   2.4540183581812458e-01   1.9694017351965409e-01   4.2591407333755979e-02  -2.5886733851241722e-01   9.1484102181045204e-02   3.7509832213899014e-01  -7.7692590301087994e-02  -3.8375520411234459e-01  -2.6630698267682196e-01   1.6632071936720103e-01  -3.3078876419210958e-02  -2.8955238809094880e-01  -2.6995423209385510e-02   7.8491913635433161e-02
  -2.5119120632571079e-01  -2.8952117888622064e-01   5.9402282284723142e-02   1.0437441933419314e-01  -2.2322545182782588e-01  -1.5591370107564664e-01   2.1128911659880924e-02   2.4582593538895019e-02  -8.9997490799276256e-02   2.8789453270079524e-01   1.2096863604992202e-01   9.5796456389439968e-02   7.4710760948686339e-02   3.9779817397714634e-01  -1.9338120062533454e-01  -3.7839504598394175e-01   2.1355744210935296e-01  -3.4514929338991590e-01  -3.7344611227919300e-01  -8.6147251565484376e-03
  -2.2424038953693454e-01   9.7254421368697094e-02   9.2336823338918614e-02   4.8161914722268584e-01  -3.5325867653457971e-01  -1.6554260748079075e-01  -1.0294928351481898e-01   1.6341739447615633e-02   7.2433760155276236e-02   2.8090666171551265e-01  -5.9614159421984436e-01  -5.0942147152831213e-02   1.0831544159377794e-02  -2.1187069465183991e-01  -3.4397775674660160e-02   1.5475870408608911e-01  -5.7664194570869125e-02   1.0129796289475364e-01   1.6592741046673534e-03   1.0415760485126385e-01
  -2.3818232977336887e-01  -2.6597248371423365e-01  -2.5961731929209647e-01  -1.4200839308678992e-01   1.3270116872744744e-01   2.1678116183829102e-01  -3.0876793753356824e-01  -1.8284612235666676e-02  -8.8949261599979484e-02   1.4046748089883281e-02  -1.7875551789277411e-01   5.9531442512775301e-01   1.0176239012138183e-01  -6.5107896995382039e-02   2.4652313026706463e-01   1.9193680926296189e-01  -1.7006056794322510e-01   4.6138692247400033e-02  -2.8531084534367451e-01  -7.4584782144209216e-02
  -1.2247246839866904e-01  -6.0864193530117836e-02  -1.8255065731891268e-01   1.0197388760823727e-01   1.4608489323169915e-01   1.7382451994888918e-02   4.9961828068841238e-02  -3.4020013633561924e-01   8.6930307746527921e-02   4.4559979917369669e-01   2.2472759305139242e-01   1.1742278939425216e-01  -3.1052707427301557e-01  -2.6295889601768185e-01   2.1200805134460696e-02   1.9586178745933572e-01   3.9460820538262664e-01  -1.9968470586164097e-01   3.0325291203529836e-01  -1.8802393085201605e-01
  -2.5757519038628734e-01   3.1266179833251673e-01  -1.7913087479533760e-01  -9.0364207116663875e-02   1.3667037736751139e-01   2.8339889435619131e-01  -4.0258926394659125e-02   6.8929030909960762e-02   1.6082102380566377e-01  -1.2635097991830310e-01  -1.9670511292928947e-01  -3.4874957996606648e-01  -5.3437832669290246e-02  -1.0730003903713550e-01  -2.2801856600568315e-01  -1.1723393283228661e-02   6.9913939310465550e-02  -2.1214432647092910e-01  -3.5758005714942548e-01  -4.9383775081536763e-01
  -2.2608289523491032e-01   7.1674693712515530e-02   2.2538915625931469e-02   3.9664299406035514e-01   5.4391503351708526e-01  -8.2383856291068508e-03  -1.0761031744906259e-02   9.5988271080114138e-02  -2.0780801833675860e-01  -2.1260202718974275e-01  -5.7394982963908985e-02   3.5633454715308086e-02  -1.2364301211125485e-01  -2.1820762414805286e-01   1.5744979598147935e-01  -4.5756536647672746e-01   3.9027709455552534e-02  -1.3834912045856382e-01   4.0782522287656393e-02   2.6142182603255554e-01
  -2.2495409374299485e-01   1.3426348072534450e-01  -2.3895636390834801e-01  -1.9280292100092336e-01  -1.1433503174970926e-01   2.4008106418387670e-01   3.3898188827344028e-01  -1.2049662466249915e-01  -2.8576857922138199e-01  -5.6702315906868028e-02  -2.9157445848585395e-01   2.1988923552558437e-01  -4.5612933998405485e-02   1.9360576861933596e-01  -3.2810835576370251e-01  -2.2679437102938943e-01   1.4886632188824839e-01   2.9990383261790632e-01   3.2552614128477481e-01   4.4556060199320471e-02
  -1.8910257568277719e-01   3.3084851944288995e-01  -1.7716642379825606e-01   1.3123759797868464e-01  -4.2647152942196848e-01   1.6677641213090758e-01   4.9975841086818094e-02   2.9476733344208422e-01   1.0493905196964774e-01   1.5916582520267276e-02   3.2198152473111014e-01   1.1298687015504896e-01  -3.4151855844228030e-01   1.0430556702717696e-01   4.2507406439871609e-01  -1.5688389826515492e-01  -1.9361914807411554e-01   2.4227566903088901e-02   5.7168315271431035e-02  -7.2306180058107197e-02
  -1.6840639324335543e-01  -1.9019809752093672e-01  -3.4427833258634244e-01  -2.1928542416154917e-01  -7.9207382962352801e-02  -3.5998090656662668e-01  -1.3592064942553739e-01   3.0093573460064904e-01  -3.2459430774483700e-01  -9.4401999139184123e-02   1.5150885489428863e-03  -3.4903959403692364e-01  -1.6961254112001384e-01  -8.7438312762768006e-02   1.6476833122406664e-01   1.4599123342204448e-01   3.7003308535842871e-01   2.2183698029217114e-01  -8.5160534019541073e-02   9.7903027089625699e-02
  -2.5581601331013676e-01  -3.9748427599272690e-01   1.0027351151066896e-01  -8.4800760041411502e-02  -6.7819422658579875e-02   1.4596293248842507e-01   2.1625055717973057e-01   1.8341401800660997e-01   2.6446615586864841e-01  -1.8151481018054982e-01  -2.0181855784471661e-01  -1.4486665446248775e-01   3.0472028323247263e-01   4.1957886945419486e-02   3.4460818024057516e-01  -2.7500797418546669e-04   1.1625158375840935e-01  -2.7034446179082205e-01   4.1680450642304112e-01  -1.2126590005215468e-01
  -2.4219362634806346e-01   1.5710576857730457e-01   3.3894344985531383e-01  -2.7035305836398466e-01   1.1068766322267749e-01   6.5809074535461212e-02  -3.0130252630683990e-01  -1.6791173905376741e-01   2.1583038897567572e-01  -6.5278599426362452e-02  -1.6561086571285896e-01  -4.3226435093116647e-02  -3.9910572038739844e-01   4.0644172395230815e-01   8.5064501939441151e-02   1.6420628478908753e-01   1.4163428622083424e-01  -8.1395857822340212e-02   2.1317337669352759e-02   3.5660479943104162e-01
  -2.5824963715086680e-01   6.3730942910961458e-02  -3.5298470422915651e-01   6.4704882788796270e-02   2.6804620699291862e-02  -1.8167637752656576e-01   3.2660630130542539e-01  -4.6407890248657796e-01  -8.0747396571433053e-02  -9.7168627862175339e-02   7.9031955337536527e-02  -2.3139079593474901e-01   1.2864354546389584e-01   1.5915216998554096e-01   1.2308200327965524e-01   2.4612394717719036e-01  -3.7880442529699659e-01  -2.0763365578900481e-01  -1.0315330684656161e-01   2.3258407503806647e-01
  -2.7301446719134465e-01  -8.1685679320421395e-02   1.4353881571592261e-01  -3.2533931359846446e-01  -1.4311739899071977e-03  -3.2799321891373190e-01  -1.6587281204762475e-01  -3.1564668493992676e-01   1.4163092985001322e-01   1.2082136442031402e-01   2.5167809761580048e-02  -1.1413518087083883e-01  -2.4222761081699115e-02  -2.0010272765352355e-01   8.9227988048939041e-02  -4.6064994854123448e-01  -3.0381254511663225e-01   2.8957560405171395e-01   9.1401848471291486e-02  -2.5297756087722717e-01
